1.000000 1.000000 1.0000000000
1.000000 2.000000 0.9930863278
1.000000 3.000000 0.9450700437
1.000000 4.000000 0.8673895803
1.000000 5.000000 0.8511872214
1.000000 6.565046 0.8206453606
1.000000 7.859787 0.7887710709
1.000000 9.409873 0.8825280869
1.000000 11.265663 0.7799339132
1.000000 13.487448 0.7850002130
1.000000 16.147407 0.8498528686
1.000000 19.331956 0.8601815798
1.000000 23.144553 0.9458243478
1.000000 27.709061 0.8510018365
1.000000 33.173769 1.1946586069
1.000000 39.716212 0.9846922643
1.000000 47.548939 0.8816119315
1.000000 56.926415 1.3711209776
1.000000 68.153292 1.4943394553
1.000000 81.594305 0.5182351498
1.000000 97.686119 0.6436695656
1.000000 116.951518 2.4958206511
1.000000 140.016387 3.4203544335
1.000000 167.630050 4.5356724680
1.000000 200.689607 0.0000000000
1.000000 240.269082 0.0000000000
1.000000 287.654316 4.1026421098
1.000000 344.384742 0.0000000000
1.000000 412.303393 0.0000000000
1.000000 493.616781 0.0000000000
1.000000 590.966581 0.0000000000
1.000000 707.515452 8.1996710445
1.000000 847.049784 0.0000000000
1.000000 1014.102708 0.0000000000
1.000000 1214.101370 0.0000000000
1.000000 1453.543241 0.0000000000
1.000000 1740.207206 0.0000000000

2.000000 1.000000 0.9820897305
2.000000 2.000000 0.9905788326
2.000000 3.000000 0.9412649562
2.000000 4.000000 0.8408897484
2.000000 5.000000 0.8121199864
2.000000 6.565046 0.8513177932
2.000000 7.859787 0.8275912613
2.000000 9.409873 0.8806789902
2.000000 11.265663 0.8928214849
2.000000 13.487448 0.7852173111
2.000000 16.147407 0.8592678473
2.000000 19.331956 0.7457499174
2.000000 23.144553 0.7487070301
2.000000 27.709061 1.1122706775
2.000000 33.173769 0.8409628843
2.000000 39.716212 1.0832274666
2.000000 47.548939 1.4268064116
2.000000 56.926415 1.3655388775
2.000000 68.153292 1.3317266572
2.000000 81.594305 1.5517478603
2.000000 97.686119 0.5492336536
2.000000 116.951518 1.7669966064
2.000000 140.016387 1.1753694938
2.000000 167.630050 1.4781138101
2.000000 200.689607 0.5415422451
2.000000 240.269082 0.5917007075
2.000000 287.654316 4.3725956921
2.000000 344.384742 0.0000000000
2.000000 412.303393 0.0000000000
2.000000 493.616781 0.0000000000
2.000000 590.966581 0.0000000000
2.000000 707.515452 0.0000000000
2.000000 847.049784 0.0000000000
2.000000 1014.102708 0.0000000000
2.000000 1214.101370 0.0000000000
2.000000 1453.543241 0.0000000000
2.000000 1740.207206 0.0000000000

3.000000 1.000000 0.9084151923
3.000000 2.000000 0.9363653700
3.000000 3.000000 1.0132837907
3.000000 4.000000 0.8922277876
3.000000 5.000000 0.8477681726
3.000000 6.565046 0.9058069887
3.000000 7.859787 0.9329939096
3.000000 9.409873 0.8228500996
3.000000 11.265663 0.8953603964
3.000000 13.487448 0.9835078232
3.000000 16.147407 0.8715739550
3.000000 19.331956 0.7362455193
3.000000 23.144553 0.9523128587
3.000000 27.709061 0.9305236780
3.000000 33.173769 0.9907667062
3.000000 39.716212 1.1296913008
3.000000 47.548939 1.1756432531
3.000000 56.926415 1.8011328094
3.000000 68.153292 1.0511925008
3.000000 81.594305 1.2180199777
3.000000 97.686119 1.8858908419
3.000000 116.951518 0.4012165184
3.000000 140.016387 0.4423218159
3.000000 167.630050 2.7345790611
3.000000 200.689607 0.0000000000
3.000000 240.269082 0.0000000000
3.000000 287.654316 2.6157309373
3.000000 344.384742 0.0000000000
3.000000 412.303393 0.0000000000
3.000000 493.616781 2.6042512091
3.000000 590.966581 0.0000000000
3.000000 707.515452 0.0000000000
3.000000 847.049784 0.0000000000
3.000000 1014.102708 0.0000000000
3.000000 1214.101370 0.0000000000
3.000000 1453.543241 0.0000000000
3.000000 1740.207206 0.0000000000

4.000000 1.000000 0.8163347146
4.000000 2.000000 0.8490012250
4.000000 3.000000 0.9062786189
4.000000 4.000000 0.8980806387
4.000000 5.000000 0.8965360213
4.000000 6.565046 0.8381095763
4.000000 7.859787 0.8372770162
4.000000 9.409873 0.8806997072
4.000000 11.265663 0.8608637023
4.000000 13.487448 0.8336067154
4.000000 16.147407 0.8636252288
4.000000 19.331956 0.8713157235
4.000000 23.144553 0.5832327427
4.000000 27.709061 1.2289763149
4.000000 33.173769 0.8787718236
4.000000 39.716212 1.3509991459
4.000000 47.548939 1.9483677331
4.000000 56.926415 1.7518156861
4.000000 68.153292 0.7052655105
4.000000 81.594305 2.0874790275
4.000000 97.686119 1.0882191336
4.000000 116.951518 1.9152714935
4.000000 140.016387 0.0000000000
4.000000 167.630050 0.7536097633
4.000000 200.689607 6.7131376817
4.000000 240.269082 8.8682605026
4.000000 287.654316 0.0000000000
4.000000 344.384742 0.0000000000
4.000000 412.303393 0.0000000000
4.000000 493.616781 0.0000000000
4.000000 590.966581 0.0000000000
4.000000 707.515452 0.0000000000
4.000000 847.049784 0.0000000000
4.000000 1014.102708 0.0000000000
4.000000 1214.101370 0.0000000000
4.000000 1453.543241 0.0000000000
4.000000 1740.207206 0.0000000000

5.000000 1.000000 0.8223334173
5.000000 2.000000 0.8691878773
5.000000 3.000000 0.8931843247
5.000000 4.000000 0.8552481782
5.000000 5.000000 0.9867479349
5.000000 6.565046 0.7535704427
5.000000 7.859787 0.8317203578
5.000000 9.409873 0.8514845351
5.000000 11.265663 0.8847438809
5.000000 13.487448 0.8890778121
5.000000 16.147407 1.1132934049
5.000000 19.331956 1.0263223026
5.000000 23.144553 0.7496423931
5.000000 27.709061 0.9298790037
5.000000 33.173769 0.9888526323
5.000000 39.716212 1.1724370077
5.000000 47.548939 0.9972238768
5.000000 56.926415 1.1296666824
5.000000 68.153292 2.1010663243
5.000000 81.594305 1.1022772927
5.000000 97.686119 0.1905847395
5.000000 116.951518 2.6502561323
5.000000 140.016387 1.9064398900
5.000000 167.630050 2.3660376674
5.000000 200.689607 0.6040721569
5.000000 240.269082 3.0492911364
5.000000 287.654316 4.6515388589
5.000000 344.384742 0.0000000000
5.000000 412.303393 0.0000000000
5.000000 493.616781 0.0000000000
5.000000 590.966581 0.0000000000
5.000000 707.515452 0.0000000000
5.000000 847.049784 0.0000000000
5.000000 1014.102708 0.0000000000
5.000000 1214.101370 0.0000000000
5.000000 1453.543241 0.0000000000
5.000000 1740.207206 0.0000000000

6.565046 1.000000 0.8175442907
6.565046 2.000000 0.8272616683
6.565046 3.000000 0.7897845641
6.565046 4.000000 0.9002714701
6.565046 5.000000 0.9337996137
6.565046 6.565046 0.8654216409
6.565046 7.859787 0.9082493723
6.565046 9.409873 0.9049215622
6.565046 11.265663 0.9491402025
6.565046 13.487448 0.7805650870
6.565046 16.147407 0.9452936899
6.565046 19.331956 0.9294000772
6.565046 23.144553 1.1032113159
6.565046 27.709061 0.9223294529
6.565046 33.173769 0.6740338106
6.565046 39.716212 0.8723485432
6.565046 47.548939 1.4369955470
6.565046 56.926415 1.5638415310
6.565046 68.153292 1.3397915745
6.565046 81.594305 1.3569035079
6.565046 97.686119 0.9170473439
6.565046 116.951518 0.9333234915
6.565046 140.016387 0.4887674644
6.565046 167.630050 0.7749106993
6.565046 200.689607 0.0000000000
6.565046 240.269082 2.6319683496
6.565046 287.654316 0.0000000000
6.565046 344.384742 0.7088038486
6.565046 412.303393 0.0000000000
6.565046 493.616781 0.0000000000
6.565046 590.966581 50.7435681724
6.565046 707.515452 0.0000000000
6.565046 847.049784 0.0000000000
6.565046 1014.102708 0.0000000000
6.565046 1214.101370 0.0000000000
6.565046 1453.543241 0.0000000000
6.565046 1740.207206 0.0000000000

7.859787 1.000000 0.7621458870
7.859787 2.000000 0.8275912613
7.859787 3.000000 0.8466055847
7.859787 4.000000 0.7379390651
7.859787 5.000000 0.8594443697
7.859787 6.565046 0.8745240582
7.859787 7.859787 0.8957825802
7.859787 9.409873 0.8542478084
7.859787 11.265663 0.9227980598
7.859787 13.487448 1.0045670965
7.859787 16.147407 0.8144879509
7.859787 19.331956 0.9529408853
7.859787 23.144553 0.6606681299
7.859787 27.709061 0.8343427017
7.859787 33.173769 1.3526900586
7.859787 39.716212 0.9109100924
7.859787 47.548939 0.9112651186
7.859787 56.926415 1.2635563125
7.859787 68.153292 1.0414442356
7.859787 81.594305 1.3298578234
7.859787 97.686119 3.5622287601
7.859787 116.951518 1.6434281523
7.859787 140.016387 0.8626118805
7.859787 167.630050 0.0000000000
7.859787 200.689607 1.0746210562
7.859787 240.269082 0.0000000000
7.859787 287.654316 0.0000000000
7.859787 344.384742 4.7457882272
7.859787 412.303393 0.0000000000
7.859787 493.616781 0.0000000000
7.859787 590.966581 0.0000000000
7.859787 707.515452 0.0000000000
7.859787 847.049784 0.0000000000
7.859787 1014.102708 0.0000000000
7.859787 1214.101370 0.0000000000
7.859787 1453.543241 0.0000000000
7.859787 1740.207206 0.0000000000

9.409873 1.000000 0.7876460760
9.409873 2.000000 0.8384289124
9.409873 3.000000 0.8607558997
9.409873 4.000000 0.9705516572
9.409873 5.000000 0.8320115649
9.409873 6.565046 0.9591954028
9.409873 7.859787 0.7698694522
9.409873 9.409873 1.0485888975
9.409873 11.265663 0.9519904820
9.409873 13.487448 0.7940877470
9.409873 16.147407 0.8418920419
9.409873 19.331956 0.9251530049
9.409873 23.144553 0.7356245512
9.409873 27.709061 0.7487105251
9.409873 33.173769 0.9367078933
9.409873 39.716212 0.9463033877
9.409873 47.548939 1.0807163028
9.409873 56.926415 1.1089310908
9.409873 68.153292 2.2187449588
9.409873 81.594305 1.4096141239
9.409873 97.686119 0.7849465057
9.409873 116.951518 0.6452601620
9.409873 140.016387 1.9873527253
9.409873 167.630050 4.4658512312
9.409873 200.689607 0.4668381838
9.409873 240.269082 0.0000000000
9.409873 287.654316 78.4601912332
9.409873 344.384742 0.0000000000
9.409873 412.303393 0.0000000000
9.409873 493.616781 0.3334449623
9.409873 590.966581 1.6061011325
9.409873 707.515452 0.0000000000
9.409873 847.049784 0.0000000000
9.409873 1014.102708 0.0000000000
9.409873 1214.101370 0.0000000000
9.409873 1453.543241 0.0000000000
9.409873 1740.207206 0.0000000000

11.265663 1.000000 0.8577963411
11.265663 2.000000 0.8126267186
11.265663 3.000000 0.7803906409
11.265663 4.000000 1.0076621375
11.265663 5.000000 0.8301050019
11.265663 6.565046 0.9909859556
11.265663 7.859787 0.8581912757
11.265663 9.409873 0.7570823415
11.265663 11.265663 1.0770544990
11.265663 13.487448 0.8932881746
11.265663 16.147407 0.7561663656
11.265663 19.331956 0.9432926059
11.265663 23.144553 0.6567730041
11.265663 27.709061 1.0857291468
11.265663 33.173769 1.1054199570
11.265663 39.716212 0.9576786174
11.265663 47.548939 0.6148393750
11.265663 56.926415 0.9890605072
11.265663 68.153292 0.8931584570
11.265663 81.594305 1.2821559288
11.265663 97.686119 0.2228350663
11.265663 116.951518 1.2448994919
11.265663 140.016387 1.1590962564
11.265663 167.630050 2.9549812858
11.265663 200.689607 2.0159184164
11.265663 240.269082 1.7866178728
11.265663 287.654316 5.1068937416
11.265663 344.384742 1.0803411536
11.265663 412.303393 0.0000000000
11.265663 493.616781 3.1713543569
11.265663 590.966581 0.0000000000
11.265663 707.515452 0.0000000000
11.265663 847.049784 0.0000000000
11.265663 1014.102708 0.0000000000
11.265663 1214.101370 0.0000000000
11.265663 1453.543241 0.0000000000
11.265663 1740.207206 0.0000000000

13.487448 1.000000 0.7226574006
13.487448 2.000000 0.8284026673
13.487448 3.000000 0.8850802781
13.487448 4.000000 0.8536723049
13.487448 5.000000 0.8389452558
13.487448 6.565046 0.8487811764
13.487448 7.859787 0.8437576951
13.487448 9.409873 0.8277953717
13.487448 11.265663 0.7864852002
13.487448 13.487448 0.8967392438
13.487448 16.147407 1.0660077747
13.487448 19.331956 0.8088539603
13.487448 23.144553 1.0280814992
13.487448 27.709061 0.9186593387
13.487448 33.173769 0.9954115256
13.487448 39.716212 1.0574750534
13.487448 47.548939 1.3528159655
13.487448 56.926415 1.0972797210
13.487448 68.153292 1.0274641861
13.487448 81.594305 0.9918607937
13.487448 97.686119 1.5826265014
13.487448 116.951518 2.0530241957
13.487448 140.016387 1.2134750377
13.487448 167.630050 0.7500651721
13.487448 200.689607 0.0000000000
13.487448 240.269082 1.5659919241
13.487448 287.654316 2.7136453188
13.487448 344.384742 25.5177008215
13.487448 412.303393 0.0000000000
13.487448 493.616781 2.1372412824
13.487448 590.966581 0.0000000000
13.487448 707.515452 0.0000000000
13.487448 847.049784 0.0000000000
13.487448 1014.102708 0.0000000000
13.487448 1214.101370 0.0000000000
13.487448 1453.543241 0.0000000000
13.487448 1740.207206 0.0000000000

16.147407 1.000000 0.7637554268
16.147407 2.000000 0.8319823813
16.147407 3.000000 0.7462047220
16.147407 4.000000 0.8648229523
16.147407 5.000000 0.9971231709
16.147407 6.565046 0.8025957642
16.147407 7.859787 0.7860600903
16.147407 9.409873 0.8457907236
16.147407 11.265663 0.6578221335
16.147407 13.487448 1.1137084926
16.147407 16.147407 0.9241519146
16.147407 19.331956 0.9135441605
16.147407 23.144553 0.8019222826
16.147407 27.709061 0.7530138495
16.147407 33.173769 0.9258374671
16.147407 39.716212 0.7755128867
16.147407 47.548939 0.9745886413
16.147407 56.926415 0.5917731206
16.147407 68.153292 0.7680748780
16.147407 81.594305 1.0725232101
16.147407 97.686119 2.2112921295
16.147407 116.951518 0.7664904306
16.147407 140.016387 0.9222529902
16.147407 167.630050 1.7602573189
16.147407 200.689607 1.8800274572
16.147407 240.269082 1.9713081560
16.147407 287.654316 1.3122115626
16.147407 344.384742 0.9696293570
16.147407 412.303393 0.0000000000
16.147407 493.616781 0.0000000000
16.147407 590.966581 2.9731431247
16.147407 707.515452 0.0000000000
16.147407 847.049784 0.0000000000
16.147407 1014.102708 0.0000000000
16.147407 1214.101370 0.0000000000
16.147407 1453.543241 0.0000000000
16.147407 1740.207206 0.0078699515

19.331956 1.000000 0.9169182773
19.331956 2.000000 0.7193360249
19.331956 3.000000 0.8815784682
19.331956 4.000000 1.0323809858
19.331956 5.000000 0.8267696712
19.331956 6.565046 0.9183287293
19.331956 7.859787 0.9165397662
19.331956 9.409873 1.0097291186
19.331956 11.265663 0.8516726765
19.331956 13.487448 0.7140970601
19.331956 16.147407 0.9100604905
19.331956 19.331956 1.1284191334
19.331956 23.144553 0.8961099642
19.331956 27.709061 1.0877522909
19.331956 33.173769 1.2909046315
19.331956 39.716212 0.7261674781
19.331956 47.548939 0.8816755639
19.331956 56.926415 1.1235896288
19.331956 68.153292 0.9461561154
19.331956 81.594305 0.7863179788
19.331956 97.686119 0.8910370469
19.331956 116.951518 0.8457826748
19.331956 140.016387 0.5532008662
19.331956 167.630050 0.3598474036
19.331956 200.689607 2.5219624840
19.331956 240.269082 0.0000000000
19.331956 287.654316 1.3382160387
19.331956 344.384742 68.2152596416
19.331956 412.303393 0.0000000000
19.331956 493.616781 0.0000000000
19.331956 590.966581 0.0000000000
19.331956 707.515452 0.0000000000
19.331956 847.049784 0.4515534026
19.331956 1014.102708 0.0000000000
19.331956 1214.101370 0.0000000000
19.331956 1453.543241 0.0000000000
19.331956 1740.207206 0.0000000000

23.144553 1.000000 0.7948895040
23.144553 2.000000 0.8093217814
23.144553 3.000000 0.8520501623
23.144553 4.000000 0.8107486866
23.144553 5.000000 0.6448793075
23.144553 6.565046 1.0441003470
23.144553 7.859787 1.2419606959
23.144553 9.409873 0.7909156683
23.144553 11.265663 0.8322394620
23.144553 13.487448 1.0832050575
23.144553 16.147407 0.7336058824
23.144553 19.331956 0.9639729559
23.144553 23.144553 1.0188567873
23.144553 27.709061 0.9291244231
23.144553 33.173769 1.0179607221
23.144553 39.716212 0.6209337006
23.144553 47.548939 0.7616855766
23.144553 56.926415 0.8733451864
23.144553 68.153292 0.7691057676
23.144553 81.594305 0.7673839753
23.144553 97.686119 1.4832669223
23.144553 116.951518 0.4944764217
23.144553 140.016387 0.4721472622
23.144553 167.630050 0.9497425897
23.144553 200.689607 1.0719514178
23.144553 240.269082 2.2133973764
23.144553 287.654316 6.0791950484
23.144553 344.384742 0.4256139805
23.144553 412.303393 2.3392373266
23.144553 493.616781 0.3904641631
23.144553 590.966581 1.6332094601
23.144553 707.515452 0.2918959152
23.144553 847.049784 0.0000000000
23.144553 1014.102708 0.0000000000
23.144553 1214.101370 0.0000000000
23.144553 1453.543241 0.0000000000
23.144553 1740.207206 0.0000000000

27.709061 1.000000 1.0441405007
27.709061 2.000000 0.8553636118
27.709061 3.000000 0.9121041712
27.709061 4.000000 0.8683639058
27.709061 5.000000 0.9392833765
27.709061 6.565046 0.9110751330
27.709061 7.859787 1.1551182183
27.709061 9.409873 1.0225845699
27.709061 11.265663 1.2546814319
27.709061 13.487448 0.9006234910
27.709061 16.147407 1.0895687237
27.709061 19.331956 0.7736390593
27.709061 23.144553 0.9627162219
27.709061 27.709061 0.7552007758
27.709061 33.173769 0.8752110830
27.709061 39.716212 0.9095767660
27.709061 47.548939 1.1870080571
27.709061 56.926415 0.9659289262
27.709061 68.153292 1.1796027625
27.709061 81.594305 1.0602813008
27.709061 97.686119 1.3579184796
27.709061 116.951518 0.3778626652
27.709061 140.016387 0.8303625515
27.709061 167.630050 0.6803485683
27.709061 200.689607 2.9056102327
27.709061 240.269082 0.9913322056
27.709061 287.654316 2.0232701204
27.709061 344.384742 0.5506165875
27.709061 412.303393 0.0000000000
27.709061 493.616781 0.0000000000
27.709061 590.966581 0.0000000000
27.709061 707.515452 0.1378941998
27.709061 847.049784 0.0000000000
27.709061 1014.102708 0.0000000000
27.709061 1214.101370 0.0000000000
27.709061 1453.543241 0.0000000000
27.709061 1740.207206 0.0000000000

33.173769 1.000000 0.8179532441
33.173769 2.000000 0.6703476064
33.173769 3.000000 0.9365582819
33.173769 4.000000 0.9105486213
33.173769 5.000000 0.4921276106
33.173769 6.565046 0.9922714174
33.173769 7.859787 1.5015173257
33.173769 9.409873 1.2453981885
33.173769 11.265663 0.9495891225
33.173769 13.487448 0.7854405664
33.173769 16.147407 0.9086897778
33.173769 19.331956 0.9055172737
33.173769 23.144553 0.8880603331
33.173769 27.709061 0.6980482162
33.173769 33.173769 0.4376037081
33.173769 39.716212 1.0054746140
33.173769 47.548939 0.9088244377
33.173769 56.926415 0.5714563773
33.173769 68.153292 1.0612397773
33.173769 81.594305 0.9484225066
33.173769 97.686119 1.4350705434
33.173769 116.951518 1.3009500865
33.173769 140.016387 1.0948060638
33.173769 167.630050 1.1125512954
33.173769 200.689607 0.5099618471
33.173769 240.269082 2.2135099605
33.173769 287.654316 0.2968705456
33.173769 344.384742 0.2402481527
33.173769 412.303393 0.3220059162
33.173769 493.616781 0.0000000000
33.173769 590.966581 0.0000000000
33.173769 707.515452 0.1094931607
33.173769 847.049784 0.0000000000
33.173769 1014.102708 0.0000000000
33.173769 1214.101370 0.0000000000
33.173769 1453.543241 0.0000000000
33.173769 1740.207206 0.0000000000

39.716212 1.000000 1.1410631240
39.716212 2.000000 1.1600979145
39.716212 3.000000 1.6127885465
39.716212 4.000000 0.9164923317
39.716212 5.000000 0.8253669082
39.716212 6.565046 1.0853289666
39.716212 7.859787 1.2838144794
39.716212 9.409873 1.0890116754
39.716212 11.265663 0.8738184470
39.716212 13.487448 0.6874716380
39.716212 16.147407 0.7160340731
39.716212 19.331956 1.0935721050
39.716212 23.144553 0.7897899678
39.716212 27.709061 0.7687570847
39.716212 33.173769 1.0421678477
39.716212 39.716212 0.5466439828
39.716212 47.548939 0.9297700571
39.716212 56.926415 1.0211984656
39.716212 68.153292 1.1564320789
39.716212 81.594305 1.4094393178
39.716212 97.686119 0.9263456240
39.716212 116.951518 1.2281605789
39.716212 140.016387 1.0920752901
39.716212 167.630050 2.9413815842
39.716212 200.689607 1.4233033172
39.716212 240.269082 0.1597412630
39.716212 287.654316 1.1001382574
39.716212 344.384742 0.0000000000
39.716212 412.303393 0.6110665998
39.716212 493.616781 0.6832652892
39.716212 590.966581 0.0000000000
39.716212 707.515452 0.3031106360
39.716212 847.049784 0.0000000000
39.716212 1014.102708 0.0000000000
39.716212 1214.101370 0.1475114280
39.716212 1453.543241 0.0000000000
39.716212 1740.207206 0.0000000000

47.548939 1.000000 1.5830358382
47.548939 2.000000 0.9893933059
47.548939 3.000000 1.2647445376
47.548939 4.000000 1.0435612529
47.548939 5.000000 1.0934579854
47.548939 6.565046 1.2073271857
47.548939 7.859787 1.0367819552
47.548939 9.409873 1.2714653707
47.548939 11.265663 0.7471814585
47.548939 13.487448 0.8958793307
47.548939 16.147407 0.9828969775
47.548939 19.331956 1.3543566974
47.548939 23.144553 1.2346026312
47.548939 27.709061 1.1556631039
47.548939 33.173769 0.6879568866
47.548939 39.716212 1.0567358379
47.548939 47.548939 0.5831834848
47.548939 56.926415 1.6525601278
47.548939 68.153292 0.7269733274
47.548939 81.594305 1.1689963170
47.548939 97.686119 0.4018209363
47.548939 116.951518 0.8629418174
47.548939 140.016387 1.5838945582
47.548939 167.630050 2.1205385837
47.548939 200.689607 0.5195272996
47.548939 240.269082 0.0069734169
47.548939 287.654316 0.7838232658
47.548939 344.384742 2.2954147866
47.548939 412.303393 0.4695549270
47.548939 493.616781 0.9300124302
47.548939 590.966581 0.0000000000
47.548939 707.515452 0.0000000000
47.548939 847.049784 0.0000000000
47.548939 1014.102708 0.0000000000
47.548939 1214.101370 0.0857441175
47.548939 1453.543241 0.0000000000
47.548939 1740.207206 0.0000000000

56.926415 1.000000 1.9687957443
56.926415 2.000000 1.4890984338
56.926415 3.000000 1.1051763318
56.926415 4.000000 1.1278961719
56.926415 5.000000 0.6261197183
56.926415 6.565046 1.3622645565
56.926415 7.859787 1.2812167116
56.926415 9.409873 1.3996878797
56.926415 11.265663 0.1325819879
56.926415 13.487448 1.0762441527
56.926415 16.147407 1.1207719966
56.926415 19.331956 1.2090201209
56.926415 23.144553 0.8734588890
56.926415 27.709061 1.0149478156
56.926415 33.173769 1.3152694836
56.926415 39.716212 0.9445102081
56.926415 47.548939 1.2908906437
56.926415 56.926415 1.3821874444
56.926415 68.153292 0.8733996199
56.926415 81.594305 0.3491254779
56.926415 97.686119 0.7494607247
56.926415 116.951518 2.5064377380
56.926415 140.016387 1.2690147058
56.926415 167.630050 1.8027866891
56.926415 200.689607 1.1209192267
56.926415 240.269082 0.2430571529
56.926415 287.654316 0.6009409916
56.926415 344.384742 1.4320879926
56.926415 412.303393 0.1877000075
56.926415 493.616781 1.7325559501
56.926415 590.966581 0.0499046785
56.926415 707.515452 0.0000000000
56.926415 847.049784 0.0000000000
56.926415 1014.102708 0.0000000000
56.926415 1214.101370 0.0000000000
56.926415 1453.543241 0.1067696403
56.926415 1740.207206 0.0000000000

68.153292 1.000000 1.2063584802
68.153292 2.000000 1.9423805346
68.153292 3.000000 1.0131985005
68.153292 4.000000 0.8871461209
68.153292 5.000000 1.0220435642
68.153292 6.565046 1.5438762033
68.153292 7.859787 2.2858609778
68.153292 9.409873 1.6447362001
68.153292 11.265663 0.8921213278
68.153292 13.487448 1.0145130595
68.153292 16.147407 1.0616001794
68.153292 19.331956 1.5851813807
68.153292 23.144553 1.1671191970
68.153292 27.709061 1.1499789519
68.153292 33.173769 1.0883283292
68.153292 39.716212 1.0601176472
68.153292 47.548939 1.4361288313
68.153292 56.926415 1.5161375316
68.153292 68.153292 1.3688980000
68.153292 81.594305 0.8542127978
68.153292 97.686119 0.9831017893
68.153292 116.951518 0.8671721104
68.153292 140.016387 0.7045982520
68.153292 167.630050 1.4925064603
68.153292 200.689607 1.8814149939
68.153292 240.269082 0.0000000000
68.153292 287.654316 2.5726163441
68.153292 344.384742 2.8038413276
68.153292 412.303393 0.0000000000
68.153292 493.616781 2.7083569469
68.153292 590.966581 0.6866404690
68.153292 707.515452 0.0000000000
68.153292 847.049784 0.0000000000
68.153292 1014.102708 0.0000000000
68.153292 1214.101370 0.0000000000
68.153292 1453.543241 0.0000000000
68.153292 1740.207206 0.0000000000

81.594305 1.000000 2.0417603933
81.594305 2.000000 1.1295845101
81.594305 3.000000 0.9163433656
81.594305 4.000000 2.2279361911
81.594305 5.000000 1.6755916470
81.594305 6.565046 1.9510107147
81.594305 7.859787 2.4964664116
81.594305 9.409873 1.0827668638
81.594305 11.265663 1.0995675278
81.594305 13.487448 1.4276969093
81.594305 16.147407 2.0159450188
81.594305 19.331956 0.8642244995
81.594305 23.144553 0.9721689876
81.594305 27.709061 1.0699075830
81.594305 33.173769 0.4152349448
81.594305 39.716212 1.3356176618
81.594305 47.548939 0.7805340135
81.594305 56.926415 1.1195000205
81.594305 68.153292 1.3326043940
81.594305 81.594305 0.8267778790
81.594305 97.686119 1.9070682597
81.594305 116.951518 0.8750464623
81.594305 140.016387 1.2999468930
81.594305 167.630050 1.7027322177
81.594305 200.689607 1.0147291343
81.594305 240.269082 7.0813131173
81.594305 287.654316 1.8217766375
81.594305 344.384742 5.6389864927
81.594305 412.303393 14.8618674871
81.594305 493.616781 0.3608137177
81.594305 590.966581 0.1723231131
81.594305 707.515452 0.0000274580
81.594305 847.049784 0.6998758981
81.594305 1014.102708 0.1401729383
81.594305 1214.101370 0.0313335261
81.594305 1453.543241 0.0000000000
81.594305 1740.207206 0.0000000000

97.686119 1.000000 2.8821373297
97.686119 2.000000 0.7206831307
97.686119 3.000000 1.1783972025
97.686119 4.000000 1.0372735611
97.686119 5.000000 0.1779049032
97.686119 6.565046 1.0791610321
97.686119 7.859787 2.4023817505
97.686119 9.409873 0.9343848356
97.686119 11.265663 0.5535665527
97.686119 13.487448 1.4615333187
97.686119 16.147407 1.7943844222
97.686119 19.331956 0.5825504664
97.686119 23.144553 0.5309110964
97.686119 27.709061 0.2233218677
97.686119 33.173769 1.3935602786
97.686119 39.716212 1.1700915812
97.686119 47.548939 0.5372544112
97.686119 56.926415 1.3820102821
97.686119 68.153292 0.9413040832
97.686119 81.594305 0.8383649530
97.686119 97.686119 0.7830908429
97.686119 116.951518 1.7077654663
97.686119 140.016387 0.8456603355
97.686119 167.630050 1.1938283329
97.686119 200.689607 0.8050574043
97.686119 240.269082 0.2907733978
97.686119 287.654316 1.5566967183
97.686119 344.384742 2.2211768149
97.686119 412.303393 0.2559905400
97.686119 493.616781 0.0000000000
97.686119 590.966581 1.6044222526
97.686119 707.515452 0.7028905950
97.686119 847.049784 0.0000000000
97.686119 1014.102708 0.0000000000
97.686119 1214.101370 1.2357298230
97.686119 1453.543241 0.0000000000
97.686119 1740.207206 0.0000000000

116.951518 1.000000 1.7857737818
116.951518 2.000000 1.1421110843
116.951518 3.000000 1.6154333730
116.951518 4.000000 1.4864697932
116.951518 5.000000 0.9861007625
116.951518 6.565046 1.3798013152
116.951518 7.859787 1.3313925617
116.951518 9.409873 1.3166134796
116.951518 11.265663 1.1303738361
116.951518 13.487448 0.2652378582
116.951518 16.147407 0.6790096027
116.951518 19.331956 1.4941932683
116.951518 23.144553 0.8198429651
116.951518 27.709061 0.9339909980
116.951518 33.173769 0.6257500894
116.951518 39.716212 1.0128338442
116.951518 47.548939 0.5412815892
116.951518 56.926415 1.3417108144
116.951518 68.153292 1.7541002364
116.951518 81.594305 1.2304378630
116.951518 97.686119 0.6737537428
116.951518 116.951518 1.2914806608
116.951518 140.016387 1.8145588331
116.951518 167.630050 0.1698977662
116.951518 200.689607 0.5386482932
116.951518 240.269082 0.8147702160
116.951518 287.654316 0.9023461921
116.951518 344.384742 0.3005336273
116.951518 412.303393 3.7219333490
116.951518 493.616781 0.1740013677
116.951518 590.966581 2.4932331150
116.951518 707.515452 0.0000000000
116.951518 847.049784 0.0000000000
116.951518 1014.102708 0.0000000000
116.951518 1214.101370 0.0000000000
116.951518 1453.543241 0.0000000000
116.951518 1740.207206 0.0000000000

140.016387 1.000000 1.3943141502
140.016387 2.000000 2.9902761529
140.016387 3.000000 0.0000000000
140.016387 4.000000 1.0203951437
140.016387 5.000000 1.9714064389
140.016387 6.565046 0.5363302180
140.016387 7.859787 1.1799476105
140.016387 9.409873 1.0440396645
140.016387 11.265663 1.1660380899
140.016387 13.487448 0.8584991706
140.016387 16.147407 1.0611527499
140.016387 19.331956 0.3783373406
140.016387 23.144553 1.0905415279
140.016387 27.709061 2.0067171802
140.016387 33.173769 0.3289218237
140.016387 39.716212 0.7889629033
140.016387 47.548939 0.4402594791
140.016387 56.926415 0.7361279928
140.016387 68.153292 1.3056593659
140.016387 81.594305 0.5206955492
140.016387 97.686119 0.3325484874
140.016387 116.951518 1.1749825986
140.016387 140.016387 0.7245179256
140.016387 167.630050 1.4964274476
140.016387 200.689607 1.9226986289
140.016387 240.269082 1.2285356444
140.016387 287.654316 1.5184574607
140.016387 344.384742 0.1703913327
140.016387 412.303393 0.0000000000
140.016387 493.616781 0.1392420873
140.016387 590.966581 0.0000000000
140.016387 707.515452 0.0000000000
140.016387 847.049784 0.3700491899
140.016387 1014.102708 0.0722877677
140.016387 1214.101370 0.0441249017
140.016387 1453.543241 0.0199913944
140.016387 1740.207206 0.0000000000

167.630050 1.000000 0.6007567192
167.630050 2.000000 3.9664357387
167.630050 3.000000 1.2142646163
167.630050 4.000000 0.0000000000
167.630050 5.000000 0.0000000000
167.630050 6.565046 2.4941591487
167.630050 7.859787 1.9754390245
167.630050 9.409873 3.4786143058
167.630050 11.265663 1.1480564961
167.630050 13.487448 0.4098482825
167.630050 16.147407 0.7858585548
167.630050 19.331956 1.4128640762
167.630050 23.144553 0.5334042409
167.630050 27.709061 0.6852669705
167.630050 33.173769 1.4487536840
167.630050 39.716212 0.0000000000
167.630050 47.548939 0.6402527292
167.630050 56.926415 1.3533355233
167.630050 68.153292 2.6624489895
167.630050 81.594305 1.0786148788
167.630050 97.686119 1.4245064385
167.630050 116.951518 1.6995192785
167.630050 140.016387 0.5942752569
167.630050 167.630050 0.5662221763
167.630050 200.689607 1.1014790802
167.630050 240.269082 0.0350199674
167.630050 287.654316 0.0719377037
167.630050 344.384742 0.3348868537
167.630050 412.303393 0.1668687365
167.630050 493.616781 0.0000000000
167.630050 590.966581 0.0884909713
167.630050 707.515452 0.0000000003
167.630050 847.049784 0.0000000000
167.630050 1014.102708 0.0000000000
167.630050 1214.101370 0.0000000000
167.630050 1453.543241 0.0000000000
167.630050 1740.207206 0.0000741952

200.689607 1.000000 1.9886608779
200.689607 2.000000 0.6429766182
200.689607 3.000000 0.0000000000
200.689607 4.000000 5.2213147410
200.689607 5.000000 5.4318777908
200.689607 6.565046 0.4362733161
200.689607 7.859787 1.5939841459
200.689607 9.409873 0.0000000000
200.689607 11.265663 3.2556788771
200.689607 13.487448 0.0000000000
200.689607 16.147407 0.0000000000
200.689607 19.331956 0.2812698406
200.689607 23.144553 2.7401315088
200.689607 27.709061 0.4367278968
200.689607 33.173769 1.8937947811
200.689607 39.716212 0.3780784983
200.689607 47.548939 1.0587680125
200.689607 56.926415 3.9452654011
200.689607 68.153292 1.1768002930
200.689607 81.594305 0.8190009817
200.689607 97.686119 0.4763836312
200.689607 116.951518 0.8564065986
200.689607 140.016387 0.2178792475
200.689607 167.630050 0.5176296724
200.689607 200.689607 3.4396777549
200.689607 240.269082 0.1970889961
200.689607 287.654316 34.4398759006
200.689607 344.384742 4.6040978342
200.689607 412.303393 0.0877204354
200.689607 493.616781 0.0000000000
200.689607 590.966581 0.0000000000
200.689607 707.515452 0.0000000000
200.689607 847.049784 0.0000000000
200.689607 1014.102708 0.0391243637
200.689607 1214.101370 0.0000000000
200.689607 1453.543241 0.0000000000
200.689607 1740.207206 0.0000000000

240.269082 1.000000 0.0000000000
240.269082 2.000000 1.4050610223
240.269082 3.000000 0.0000000000
240.269082 4.000000 0.0000000000
240.269082 5.000000 1.7764438682
240.269082 6.565046 9.4488712382
240.269082 7.859787 0.0000000000
240.269082 9.409873 0.8447183824
240.269082 11.265663 2.3281108410
240.269082 13.487448 0.4400660312
240.269082 16.147407 2.1677312042
240.269082 19.331956 1.3347542007
240.269082 23.144553 1.3376459408
240.269082 27.709061 2.3345525305
240.269082 33.173769 1.3016202557
240.269082 39.716212 0.5629223786
240.269082 47.548939 0.2064736946
240.269082 56.926415 0.6379835219
240.269082 68.153292 3.1952022759
240.269082 81.594305 1.1476379408
240.269082 97.686119 3.7048560724
240.269082 116.951518 57.4357844700
240.269082 140.016387 1.5063448423
240.269082 167.630050 0.5728851719
240.269082 200.689607 1.2503491041
240.269082 240.269082 2.1916020037
240.269082 287.654316 0.9873007765
240.269082 344.384742 1.2064612612
240.269082 412.303393 2.0140531584
240.269082 493.616781 0.1407051298
240.269082 590.966581 0.0454637061
240.269082 707.515452 0.0073753202
240.269082 847.049784 0.0000000000
240.269082 1014.102708 0.1287642495
240.269082 1214.101370 0.0035848209
240.269082 1453.543241 0.0000000000
240.269082 1740.207206 0.0000000000

287.654316 1.000000 0.0000000000
287.654316 2.000000 0.0000000000
287.654316 3.000000 0.0000000000
287.654316 4.000000 0.0000000000
287.654316 5.000000 0.0000000000
287.654316 6.565046 0.0000000000
287.654316 7.859787 0.0000000000
287.654316 9.409873 1.1238954939
287.654316 11.265663 0.0000000000
287.654316 13.487448 0.6692054630
287.654316 16.147407 0.0000000000
287.654316 19.331956 0.0000000000
287.654316 23.144553 0.5920464321
287.654316 27.709061 0.0000000000
287.654316 33.173769 0.0000000000
287.654316 39.716212 0.8785569480
287.654316 47.548939 1.2665850739
287.654316 56.926415 3.3291035699
287.654316 68.153292 0.4972973249
287.654316 81.594305 0.2560057620
287.654316 97.686119 0.5417599386
287.654316 116.951518 2.1898629455
287.654316 140.016387 1.2813184940
287.654316 167.630050 1.7671578816
287.654316 200.689607 0.1440591757
287.654316 240.269082 0.8416778866
287.654316 287.654316 0.8050368232
287.654316 344.384742 0.0000000000
287.654316 412.303393 0.4667837917
287.654316 493.616781 0.5457671724
287.654316 590.966581 4.6259881441
287.654316 707.515452 0.0242856734
287.654316 847.049784 0.0131968277
287.654316 1014.102708 0.0000000000
287.654316 1214.101370 0.0000000000
287.654316 1453.543241 0.0000000000
287.654316 1740.207206 0.0000000000

344.384742 1.000000 0.0000000000
344.384742 2.000000 0.0000000000
344.384742 3.000000 0.0000000000
344.384742 4.000000 0.0000000000
344.384742 5.000000 2.6584404794
344.384742 6.565046 14.7935117329
344.384742 7.859787 0.0000000000
344.384742 9.409873 1.7426069864
344.384742 11.265663 0.0000000000
344.384742 13.487448 0.0000000000
344.384742 16.147407 1.0889737769
344.384742 19.331956 0.4561180458
344.384742 23.144553 0.0000000000
344.384742 27.709061 0.4797891804
344.384742 33.173769 1.2634828384
344.384742 39.716212 0.4035568588
344.384742 47.548939 0.8444519662
344.384742 56.926415 0.1385649345
344.384742 68.153292 0.4870030805
344.384742 81.594305 0.0000000000
344.384742 97.686119 0.6633153202
344.384742 116.951518 6.1535644679
344.384742 140.016387 0.4961818931
344.384742 167.630050 1.2337117387
344.384742 200.689607 0.1307633432
344.384742 240.269082 0.0223523120
344.384742 287.654316 3.0048760496
344.384742 344.384742 0.0000000000
344.384742 412.303393 1.0382779607
344.384742 493.616781 0.0061865253
344.384742 590.966581 0.0000000000
344.384742 707.515452 0.0013018427
344.384742 847.049784 0.1807416277
344.384742 1014.102708 0.0000000000
344.384742 1214.101370 0.0007378919
344.384742 1453.543241 0.0000000000
344.384742 1740.207206 0.0224832386

412.303393 1.000000 0.0000000000
412.303393 2.000000 0.0000000000
412.303393 3.000000 0.0000000000
412.303393 4.000000 0.0000000000
412.303393 5.000000 0.0000000000
412.303393 6.565046 7.6668428583
412.303393 7.859787 0.0000000000
412.303393 9.409873 0.0000000000
412.303393 11.265663 0.0000000000
412.303393 13.487448 0.8625848976
412.303393 16.147407 0.4379560076
412.303393 19.331956 0.7688791939
412.303393 23.144553 0.0000000000
412.303393 27.709061 4.6050415422
412.303393 33.173769 0.0000000000
412.303393 39.716212 0.0000000000
412.303393 47.548939 2.6950972758
412.303393 56.926415 0.6862479713
412.303393 68.153292 0.0000000000
412.303393 81.594305 0.0000000000
412.303393 97.686119 0.5375306248
412.303393 116.951518 0.0000000000
412.303393 140.016387 1.0437315686
412.303393 167.630050 0.3388762616
412.303393 200.689607 7.5359125712
412.303393 240.269082 0.1190920429
412.303393 287.654316 0.0000000000
412.303393 344.384742 0.2036751512
412.303393 412.303393 0.0161305121
412.303393 493.616781 0.3962945964
412.303393 590.966581 0.4795725510
412.303393 707.515452 0.0888998550
412.303393 847.049784 0.0021133868
412.303393 1014.102708 0.0000000000
412.303393 1214.101370 0.0000000000
412.303393 1453.543241 0.0000000000
412.303393 1740.207206 0.0120565291

493.616781 1.000000 0.0000000000
493.616781 2.000000 0.0000000000
493.616781 3.000000 0.0000000000
493.616781 4.000000 0.0000000000
493.616781 5.000000 0.0000000000
493.616781 6.565046 0.0000000000
493.616781 7.859787 0.0000000000
493.616781 9.409873 0.0000000000
493.616781 11.265663 0.0000000000
493.616781 13.487448 4.7838632345
493.616781 16.147407 0.3794323478
493.616781 19.331956 5.0858269942
493.616781 23.144553 0.0000000000
493.616781 27.709061 0.0000000000
493.616781 33.173769 0.0000000000
493.616781 39.716212 0.4755674809
493.616781 47.548939 0.1249999453
493.616781 56.926415 0.0000000000
493.616781 68.153292 0.2974402452
493.616781 81.594305 0.3304940506
493.616781 97.686119 0.4055110529
493.616781 116.951518 0.7954860023
493.616781 140.016387 3.9876414483
493.616781 167.630050 0.1622463358
493.616781 200.689607 0.5544416867
493.616781 240.269082 0.0000000000
493.616781 287.654316 1.0670136540
493.616781 344.384742 0.0022473106
493.616781 412.303393 0.1208705181
493.616781 493.616781 0.6982465501
493.616781 590.966581 0.1299447719
493.616781 707.515452 0.4397848217
493.616781 847.049784 0.0000858216
493.616781 1014.102708 0.0000000000
493.616781 1214.101370 0.1128924480
493.616781 1453.543241 0.1457736649
493.616781 1740.207206 0.0000000000

590.966581 1.000000 0.0000000000
590.966581 2.000000 0.0000000000
590.966581 3.000000 0.0000000000
590.966581 4.000000 0.0000000000
590.966581 5.000000 0.0000000000
590.966581 6.565046 0.0000000000
590.966581 7.859787 0.0000000000
590.966581 9.409873 0.0000000000
590.966581 11.265663 0.0000000000
590.966581 13.487448 0.0000000000
590.966581 16.147407 0.0000000000
590.966581 19.331956 0.0000000000
590.966581 23.144553 0.0000000000
590.966581 27.709061 0.4921672436
590.966581 33.173769 0.0000000000
590.966581 39.716212 6.2386516157
590.966581 47.548939 4.9866307818
590.966581 56.926415 4.4383563027
590.966581 68.153292 1.5792398129
590.966581 81.594305 0.5190969347
590.966581 97.686119 0.0962018340
590.966581 116.951518 0.0756346178
590.966581 140.016387 0.9903568131
590.966581 167.630050 11.3593892425
590.966581 200.689607 0.2522560174
590.966581 240.269082 1.2310512628
590.966581 287.654316 0.2934971699
590.966581 344.384742 0.0000000000
590.966581 412.303393 0.2559702315
590.966581 493.616781 0.0000000000
590.966581 590.966581 0.1814502793
590.966581 707.515452 0.0379371259
590.966581 847.049784 0.0000000000
590.966581 1014.102708 0.0351140999
590.966581 1214.101370 0.0250138141
590.966581 1453.543241 0.0000000000
590.966581 1740.207206 0.0000000000

707.515452 1.000000 0.0000000000
707.515452 2.000000 0.0000000000
707.515452 3.000000 0.0000000000
707.515452 4.000000 0.0000000000
707.515452 5.000000 0.0000000000
707.515452 6.565046 0.0000000000
707.515452 7.859787 0.0000000000
707.515452 9.409873 0.0000000000
707.515452 11.265663 0.0000000000
707.515452 13.487448 0.0000000000
707.515452 16.147407 0.0000000000
707.515452 19.331956 0.0000000000
707.515452 23.144553 0.0000000000
707.515452 27.709061 1.0654393420
707.515452 33.173769 0.0000000009
707.515452 39.716212 0.0685693090
707.515452 47.548939 0.0000000000
707.515452 56.926415 0.0000000000
707.515452 68.153292 0.5969627301
707.515452 81.594305 0.4822004585
707.515452 97.686119 1.0897851271
707.515452 116.951518 0.1964027989
707.515452 140.016387 0.0222990183
707.515452 167.630050 0.3255360183
707.515452 200.689607 0.0060239962
707.515452 240.269082 0.0000000000
707.515452 287.654316 0.5791912265
707.515452 344.384742 0.0000000000
707.515452 412.303393 0.3266953479
707.515452 493.616781 0.0737141986
707.515452 590.966581 0.0000000000
707.515452 707.515452 0.0000000000
707.515452 847.049784 0.0299452044
707.515452 1014.102708 0.0000000000
707.515452 1214.101370 0.0000097884
707.515452 1453.543241 0.0002530150
707.515452 1740.207206 0.0011437791

847.049784 1.000000 0.0000000000
847.049784 2.000000 0.0000000000
847.049784 3.000000 0.0000000000
847.049784 4.000000 0.0000000000
847.049784 5.000000 0.0000000000
847.049784 6.565046 0.0000000000
847.049784 7.859787 0.0000000000
847.049784 9.409873 0.0000000000
847.049784 11.265663 0.0000000000
847.049784 13.487448 1.6142407010
847.049784 16.147407 0.0000000000
847.049784 19.331956 0.0000000000
847.049784 23.144553 0.0000000000
847.049784 27.709061 0.0000000000
847.049784 33.173769 0.3702432952
847.049784 39.716212 0.0000000000
847.049784 47.548939 3.9287427019
847.049784 56.926415 0.9968490545
847.049784 68.153292 0.0000000000
847.049784 81.594305 0.0000000000
847.049784 97.686119 0.0697036737
847.049784 116.951518 0.0000000000
847.049784 140.016387 0.3823299297
847.049784 167.630050 0.0000000000
847.049784 200.689607 0.0938216799
847.049784 240.269082 0.0000000000
847.049784 287.654316 0.0286853482
847.049784 344.384742 0.6457622626
847.049784 412.303393 0.0771168895
847.049784 493.616781 0.2825397589
847.049784 590.966581 0.0000000000
847.049784 707.515452 0.0000000025
847.049784 847.049784 0.0146180238
847.049784 1014.102708 0.0000417666
847.049784 1214.101370 0.0000000000
847.049784 1453.543241 0.0000000000
847.049784 1740.207206 0.0000000000

1014.102708 1.000000 0.0000000000
1014.102708 2.000000 0.0000000000
1014.102708 3.000000 0.0000000000
1014.102708 4.000000 0.0000000000
1014.102708 5.000000 0.0000000000
1014.102708 6.565046 0.0000000000
1014.102708 7.859787 0.0000000000
1014.102708 9.409873 0.0000000000
1014.102708 11.265663 0.0000000000
1014.102708 13.487448 0.0000000000
1014.102708 16.147407 0.0000000000
1014.102708 19.331956 0.0000000000
1014.102708 23.144553 0.4738607745
1014.102708 27.709061 0.0000000000
1014.102708 33.173769 0.2210995452
1014.102708 39.716212 0.1106867281
1014.102708 47.548939 0.0000000000
1014.102708 56.926415 0.0000000000
1014.102708 68.153292 0.0000000000
1014.102708 81.594305 0.0000000000
1014.102708 97.686119 0.3199523603
1014.102708 116.951518 0.0000000000
1014.102708 140.016387 0.0000000000
1014.102708 167.630050 0.1086456882
1014.102708 200.689607 0.0000000015
1014.102708 240.269082 0.0000000000
1014.102708 287.654316 0.1378341357
1014.102708 344.384742 0.0000000000
1014.102708 412.303393 0.0496312074
1014.102708 493.616781 0.0166568913
1014.102708 590.966581 0.1254639866
1014.102708 707.515452 0.0260172488
1014.102708 847.049784 0.0000000000
1014.102708 1014.102708 0.0000000000
1014.102708 1214.101370 0.0000000000
1014.102708 1453.543241 0.0027197004
1014.102708 1740.207206 0.0000000000

1214.101370 1.000000 0.0000000000
1214.101370 2.000000 0.0000000000
1214.101370 3.000000 0.0000000000
1214.101370 4.000000 0.0000000000
1214.101370 5.000000 0.0000000000
1214.101370 6.565046 0.0000000000
1214.101370 7.859787 0.0000000000
1214.101370 9.409873 0.0000000000
1214.101370 11.265663 0.0000000000
1214.101370 13.487448 0.0000000000
1214.101370 16.147407 0.0000000000
1214.101370 19.331956 0.0000000000
1214.101370 23.144553 0.0000000000
1214.101370 27.709061 0.0000000000
1214.101370 33.173769 0.0000000000
1214.101370 39.716212 0.0000000000
1214.101370 47.548939 0.0000000000
1214.101370 56.926415 0.0000000000
1214.101370 68.153292 0.0000000000
1214.101370 81.594305 0.0000000000
1214.101370 97.686119 0.0000000000
1214.101370 116.951518 0.0000000000
1214.101370 140.016387 0.0000000000
1214.101370 167.630050 0.0120473886
1214.101370 200.689607 0.0000000000
1214.101370 240.269082 0.0000593558
1214.101370 287.654316 0.0000000000
1214.101370 344.384742 0.0000000000
1214.101370 412.303393 0.0000000000
1214.101370 493.616781 0.0029755991
1214.101370 590.966581 0.1561668474
1214.101370 707.515452 0.0000000000
1214.101370 847.049784 0.0000000001
1214.101370 1014.102708 0.0000000000
1214.101370 1214.101370 0.0000029719
1214.101370 1453.543241 0.0000000000
1214.101370 1740.207206 0.0000000000

1453.543241 1.000000 0.0000000000
1453.543241 2.000000 0.0000000000
1453.543241 3.000000 0.0000000000
1453.543241 4.000000 0.0000000000
1453.543241 5.000000 0.0000000000
1453.543241 6.565046 0.0000000000
1453.543241 7.859787 0.0000000000
1453.543241 9.409873 0.0000000000
1453.543241 11.265663 0.0000000000
1453.543241 13.487448 0.0000000000
1453.543241 16.147407 0.0000000000
1453.543241 19.331956 0.0000000000
1453.543241 23.144553 0.0000000000
1453.543241 27.709061 0.0000000000
1453.543241 33.173769 0.0000000000
1453.543241 39.716212 0.0000000000
1453.543241 47.548939 0.0000000000
1453.543241 56.926415 0.0000000000
1453.543241 68.153292 0.5952952039
1453.543241 81.594305 0.0000000000
1453.543241 97.686119 0.0000000000
1453.543241 116.951518 0.0000000000
1453.543241 140.016387 0.0000000000
1453.543241 167.630050 0.0000000000
1453.543241 200.689607 0.0041166005
1453.543241 240.269082 0.0000000000
1453.543241 287.654316 0.0000000000
1453.543241 344.384742 0.0000000000
1453.543241 412.303393 0.0301803599
1453.543241 493.616781 0.0000000000
1453.543241 590.966581 0.0000000000
1453.543241 707.515452 0.0132617553
1453.543241 847.049784 0.0000000000
1453.543241 1014.102708 0.0000000000
1453.543241 1214.101370 0.0000001509
1453.543241 1453.543241 0.0064955619
1453.543241 1740.207206 0.0171566572

1740.207206 1.000000 0.0000000000
1740.207206 2.000000 0.0000000000
1740.207206 3.000000 0.0000000000
1740.207206 4.000000 0.0000000000
1740.207206 5.000000 0.0000000000
1740.207206 6.565046 0.0000000000
1740.207206 7.859787 0.0000000000
1740.207206 9.409873 0.0000000000
1740.207206 11.265663 0.0000000000
1740.207206 13.487448 0.0000000000
1740.207206 16.147407 0.0000000000
1740.207206 19.331956 0.0000000000
1740.207206 23.144553 0.0000000000
1740.207206 27.709061 0.0000000000
1740.207206 33.173769 0.0000000000
1740.207206 39.716212 0.0000000000
1740.207206 47.548939 0.0000000000
1740.207206 56.926415 0.0000000000
1740.207206 68.153292 0.0000000000
1740.207206 81.594305 0.0005182700
1740.207206 97.686119 0.0000000000
1740.207206 116.951518 0.0000000000
1740.207206 140.016387 0.0000007067
1740.207206 167.630050 0.0078496036
1740.207206 200.689607 0.0000000000
1740.207206 240.269082 0.0000000000
1740.207206 287.654316 0.0213694905
1740.207206 344.384742 0.0000000000
1740.207206 412.303393 0.0000000000
1740.207206 493.616781 0.1185812568
1740.207206 590.966581 0.0000000000
1740.207206 707.515452 0.0000000000
1740.207206 847.049784 0.0000000000
1740.207206 1014.102708 0.0000000000
1740.207206 1214.101370 0.0002406622
1740.207206 1453.543241 0.0158217533
1740.207206 1740.207206 0.0000043873

