1.000000 1.000000 1.0000000000
1.000000 2.000000 1.7891414551
1.000000 3.000000 1.9177082579
1.000000 4.000000 2.0119052885
1.000000 5.000000 1.9771151541
1.000000 6.565046 1.8871629361
1.000000 7.859787 1.8742205050
1.000000 9.409873 1.7538815574
1.000000 11.265663 1.8081139361
1.000000 13.487448 1.8272286816
1.000000 16.147407 1.4475254655
1.000000 19.331956 1.6348668661
1.000000 23.144553 1.4229970528
1.000000 27.709061 1.5597608743
1.000000 33.173769 1.0631168756
1.000000 39.716212 1.2977052763
1.000000 47.548939 1.3343215393
1.000000 56.926415 0.9814568297
1.000000 68.153292 1.0500109435
1.000000 81.594305 1.1505118292
1.000000 97.686119 0.4533306291
1.000000 116.951518 0.5110304690
1.000000 140.016387 0.9238000318
1.000000 167.630050 1.2116411229
1.000000 200.689607 0.2635805640
1.000000 240.269082 1.2132593793
1.000000 287.654316 0.1271524208
1.000000 344.384742 1.1287427852
1.000000 412.303393 0.3280744323
1.000000 493.616781 0.0000000000
1.000000 590.966581 3.1062611841
1.000000 707.515452 0.0772116447
1.000000 847.049784 0.0000000000
1.000000 1014.102708 0.0000000000
1.000000 1214.101370 0.0419661763
1.000000 1453.543241 0.0734009303
1.000000 1740.207206 0.0000000000

2.000000 1.000000 1.8485882334
2.000000 2.000000 4.2133942625
2.000000 3.000000 4.5596670347
2.000000 4.000000 4.9904498311
2.000000 5.000000 4.8413249211
2.000000 6.565046 5.0206156345
2.000000 7.859787 4.8884064644
2.000000 9.409873 4.7204069643
2.000000 11.265663 4.9279118699
2.000000 13.487448 4.3747169991
2.000000 16.147407 5.6315851505
2.000000 19.331956 4.6272175271
2.000000 23.144553 4.0915498961
2.000000 27.709061 3.2828080604
2.000000 33.173769 4.3385823098
2.000000 39.716212 3.5380665203
2.000000 47.548939 2.3651444498
2.000000 56.926415 3.1912361498
2.000000 68.153292 2.2808411582
2.000000 81.594305 3.6710808183
2.000000 97.686119 3.2708534003
2.000000 116.951518 2.2570944755
2.000000 140.016387 1.9682632443
2.000000 167.630050 2.9657498177
2.000000 200.689607 0.5161450669
2.000000 240.269082 2.5654752596
2.000000 287.654316 0.0000000000
2.000000 344.384742 57.5685019941
2.000000 412.303393 0.0000000000
2.000000 493.616781 0.0000000000
2.000000 590.966581 36.7066455760
2.000000 707.515452 0.0000000000
2.000000 847.049784 0.4319445203
2.000000 1014.102708 0.0000000000
2.000000 1214.101370 0.0000000000
2.000000 1453.543241 0.2366787599
2.000000 1740.207206 0.0000000000

3.000000 1.000000 1.9604125688
3.000000 2.000000 4.7890842440
3.000000 3.000000 5.8013706050
3.000000 4.000000 5.8515077578
3.000000 5.000000 6.1709018493
3.000000 6.565046 5.8805403344
3.000000 7.859787 6.3558658471
3.000000 9.409873 5.1918937762
3.000000 11.265663 6.0842074802
3.000000 13.487448 5.4448031418
3.000000 16.147407 5.8520653366
3.000000 19.331956 5.8962542178
3.000000 23.144553 4.7303256685
3.000000 27.709061 4.6734210771
3.000000 33.173769 4.1149716591
3.000000 39.716212 6.1884349767
3.000000 47.548939 4.5590364022
3.000000 56.926415 4.4769219698
3.000000 68.153292 6.5817533645
3.000000 81.594305 1.8199244156
3.000000 97.686119 2.6754274083
3.000000 116.951518 2.1951772128
3.000000 140.016387 4.3398577865
3.000000 167.630050 4.7298315343
3.000000 200.689607 0.0000000000
3.000000 240.269082 0.9413366366
3.000000 287.654316 1.5544353763
3.000000 344.384742 0.0000000000
3.000000 412.303393 0.0000000000
3.000000 493.616781 0.0000000000
3.000000 590.966581 0.0000000000
3.000000 707.515452 0.0000000000
3.000000 847.049784 0.0000000000
3.000000 1014.102708 0.0000000000
3.000000 1214.101370 0.0000000000
3.000000 1453.543241 0.0000000000
3.000000 1740.207206 0.0000000000

4.000000 1.000000 1.9823959390
4.000000 2.000000 4.8624895790
4.000000 3.000000 5.7837296757
4.000000 4.000000 6.7409901460
4.000000 5.000000 6.4119059356
4.000000 6.565046 7.0395136135
4.000000 7.859787 5.1974512031
4.000000 9.409873 6.7402569079
4.000000 11.265663 6.8035861031
4.000000 13.487448 6.8409658469
4.000000 16.147407 6.7426979095
4.000000 19.331956 8.3595827876
4.000000 23.144553 6.3704273068
4.000000 27.709061 5.0141837898
4.000000 33.173769 5.0247674014
4.000000 39.716212 4.1581837279
4.000000 47.548939 5.6934049690
4.000000 56.926415 7.0165118157
4.000000 68.153292 3.8939136496
4.000000 81.594305 1.7765441438
4.000000 97.686119 3.4343838513
4.000000 116.951518 3.7904064582
4.000000 140.016387 2.9156168973
4.000000 167.630050 3.1602652525
4.000000 200.689607 3.1540999278
4.000000 240.269082 0.0000000000
4.000000 287.654316 0.0000000000
4.000000 344.384742 0.0000000000
4.000000 412.303393 0.0000000000
4.000000 493.616781 0.0000000000
4.000000 590.966581 0.0000000000
4.000000 707.515452 0.0000000000
4.000000 847.049784 0.0000000000
4.000000 1014.102708 0.0000000000
4.000000 1214.101370 2.2523915871
4.000000 1453.543241 0.0000000000
4.000000 1740.207206 0.0000000000

5.000000 1.000000 1.8717568112
5.000000 2.000000 5.4087391840
5.000000 3.000000 5.6949094201
5.000000 4.000000 6.2805144206
5.000000 5.000000 6.9237232845
5.000000 6.565046 7.7252261511
5.000000 7.859787 5.7581117350
5.000000 9.409873 6.5920204678
5.000000 11.265663 8.3493411134
5.000000 13.487448 6.8825131481
5.000000 16.147407 6.9412884981
5.000000 19.331956 7.7942968054
5.000000 23.144553 10.0969711694
5.000000 27.709061 6.7360531089
5.000000 33.173769 6.5707414175
5.000000 39.716212 6.1644622096
5.000000 47.548939 7.2823724266
5.000000 56.926415 6.1603685043
5.000000 68.153292 5.1889378792
5.000000 81.594305 6.7862203289
5.000000 97.686119 8.7111406475
5.000000 116.951518 9.0189522846
5.000000 140.016387 5.2954704582
5.000000 167.630050 3.2390594383
5.000000 200.689607 3.9228369343
5.000000 240.269082 0.0000000000
5.000000 287.654316 0.0000000000
5.000000 344.384742 1.4618258795
5.000000 412.303393 0.0000000000
5.000000 493.616781 0.0000000000
5.000000 590.966581 1.6091135020
5.000000 707.515452 0.0000000000
5.000000 847.049784 0.0000000000
5.000000 1014.102708 0.0000000000
5.000000 1214.101370 0.0000000000
5.000000 1453.543241 0.0000000000
5.000000 1740.207206 0.0000000000

6.565046 1.000000 1.8289795510
6.565046 2.000000 5.1742923888
6.565046 3.000000 6.2054018759
6.565046 4.000000 7.2514069930
6.565046 5.000000 6.8446412463
6.565046 6.565046 8.5419942760
6.565046 7.859787 10.7032625580
6.565046 9.409873 9.1179216268
6.565046 11.265663 8.4328656033
6.565046 13.487448 7.9262046606
6.565046 16.147407 8.7723435311
6.565046 19.331956 9.6166473584
6.565046 23.144553 9.4678947534
6.565046 27.709061 8.8739973351
6.565046 33.173769 7.3788130568
6.565046 39.716212 7.9904182139
6.565046 47.548939 9.6674571263
6.565046 56.926415 6.8070536438
6.565046 68.153292 10.8044404832
6.565046 81.594305 2.9592263209
6.565046 97.686119 3.2194884514
6.565046 116.951518 10.8845186733
6.565046 140.016387 5.9885084858
6.565046 167.630050 5.0316168070
6.565046 200.689607 2.9436351916
6.565046 240.269082 0.0000000000
6.565046 287.654316 1.6622780155
6.565046 344.384742 0.0000000000
6.565046 412.303393 0.0000000000
6.565046 493.616781 0.0000000000
6.565046 590.966581 0.0000000000
6.565046 707.515452 0.0000000000
6.565046 847.049784 0.0000000000
6.565046 1014.102708 0.0000000000
6.565046 1214.101370 0.0000000000
6.565046 1453.543241 0.0000000000
6.565046 1740.207206 0.0000000000

7.859787 1.000000 1.7946545401
7.859787 2.000000 4.8884064644
7.859787 3.000000 4.8232457137
7.859787 4.000000 7.2369573715
7.859787 5.000000 6.8922852586
7.859787 6.565046 7.7390183897
7.859787 7.859787 10.2827429720
7.859787 9.409873 8.0917184333
7.859787 11.265663 10.8731912653
7.859787 13.487448 7.8942757928
7.859787 16.147407 9.7529573461
7.859787 19.331956 11.7997657402
7.859787 23.144553 11.7802474607
7.859787 27.709061 9.0640614239
7.859787 33.173769 12.4931003618
7.859787 39.716212 11.0016838880
7.859787 47.548939 8.5048313164
7.859787 56.926415 11.2678729510
7.859787 68.153292 7.4604593040
7.859787 81.594305 12.7096453640
7.859787 97.686119 8.2942183646
7.859787 116.951518 12.0497647291
7.859787 140.016387 4.2209054425
7.859787 167.630050 9.9934891431
7.859787 200.689607 0.0000000000
7.859787 240.269082 0.0000000000
7.859787 287.654316 0.0000000000
7.859787 344.384742 0.0000000000
7.859787 412.303393 2.6560299172
7.859787 493.616781 0.0000000000
7.859787 590.966581 0.0000000000
7.859787 707.515452 0.0000000000
7.859787 847.049784 0.0000000000
7.859787 1014.102708 0.0000000000
7.859787 1214.101370 0.0000000000
7.859787 1453.543241 0.0000000000
7.859787 1740.207206 0.0000000000

9.409873 1.000000 1.5840633534
9.409873 2.000000 4.7520154932
9.409873 3.000000 6.8571162013
9.409873 4.000000 6.5244001713
9.409873 5.000000 6.9490329751
9.409873 6.565046 7.8037138913
9.409873 7.859787 7.6855630203
9.409873 9.409873 9.0087483305
9.409873 11.265663 10.1574452397
9.409873 13.487448 9.0400146933
9.409873 16.147407 8.4582550193
9.409873 19.331956 9.9960527754
9.409873 23.144553 8.5823541861
9.409873 27.709061 12.8539669182
9.409873 33.173769 11.2345481920
9.409873 39.716212 11.8213072232
9.409873 47.548939 10.6078358937
9.409873 56.926415 7.8475856544
9.409873 68.153292 12.5357441519
9.409873 81.594305 7.5899297655
9.409873 97.686119 6.5335216314
9.409873 116.951518 3.9194604721
9.409873 140.016387 4.0721968029
9.409873 167.630050 16.8939994710
9.409873 200.689607 0.0000000000
9.409873 240.269082 23.7133619127
9.409873 287.654316 4.4353141386
9.409873 344.384742 0.0000000000
9.409873 412.303393 0.0000000000
9.409873 493.616781 0.0000000000
9.409873 590.966581 0.0000000000
9.409873 707.515452 0.0000000000
9.409873 847.049784 0.0000000000
9.409873 1014.102708 0.0000000000
9.409873 1214.101370 0.0000000000
9.409873 1453.543241 0.0000000000
9.409873 1740.207206 0.0000000000

11.265663 1.000000 1.6769132729
11.265663 2.000000 5.2342624758
11.265663 3.000000 5.7386376628
11.265663 4.000000 7.1031443989
11.265663 5.000000 8.1312031316
11.265663 6.565046 8.9139702406
11.265663 7.859787 7.0419099506
11.265663 9.409873 9.9737068344
11.265663 11.265663 11.5445004283
11.265663 13.487448 12.5508020893
11.265663 16.147407 10.0338066689
11.265663 19.331956 13.2756887444
11.265663 23.144553 8.2975272962
11.265663 27.709061 11.6678789883
11.265663 33.173769 9.5995498765
11.265663 39.716212 12.3828454310
11.265663 47.548939 9.3100715119
11.265663 56.926415 13.0691352437
11.265663 68.153292 11.1157785420
11.265663 81.594305 8.2328543183
11.265663 97.686119 4.3171994268
11.265663 116.951518 6.2068534159
11.265663 140.016387 3.0204172632
11.265663 167.630050 2.6147080550
11.265663 200.689607 10.1358175855
11.265663 240.269082 0.0000000000
11.265663 287.654316 0.0000000000
11.265663 344.384742 0.0000000000
11.265663 412.303393 0.0000000000
11.265663 493.616781 0.0000000000
11.265663 590.966581 2.5593650750
11.265663 707.515452 0.0000000000
11.265663 847.049784 0.0000000000
11.265663 1014.102708 0.0000000000
11.265663 1214.101370 0.0000000000
11.265663 1453.543241 0.0000000000
11.265663 1740.207206 0.0000000000

13.487448 1.000000 1.7970544661
13.487448 2.000000 5.0196979822
13.487448 3.000000 6.2594940481
13.487448 4.000000 8.3714457563
13.487448 5.000000 6.4616486042
13.487448 6.565046 9.3894065083
13.487448 7.859787 13.8721420039
13.487448 9.409873 9.3145410117
13.487448 11.265663 9.4156402793
13.487448 13.487448 12.3538666723
13.487448 16.147407 11.3809722524
13.487448 19.331956 13.6272302590
13.487448 23.144553 13.3495584647
13.487448 27.709061 10.2307658891
13.487448 33.173769 15.2354373248
13.487448 39.716212 15.5165327411
13.487448 47.548939 17.3673193625
13.487448 56.926415 16.9272959515
13.487448 68.153292 16.2068453603
13.487448 81.594305 16.2842868383
13.487448 97.686119 3.6967357853
13.487448 116.951518 7.3053097464
13.487448 140.016387 12.8198401977
13.487448 167.630050 3.1053588812
13.487448 200.689607 0.0000000000
13.487448 240.269082 0.0000000000
13.487448 287.654316 1.6606526876
13.487448 344.384742 0.0000000000
13.487448 412.303393 0.0000000000
13.487448 493.616781 0.0000000000
13.487448 590.966581 0.0000000000
13.487448 707.515452 0.0000000000
13.487448 847.049784 0.0000000000
13.487448 1014.102708 0.0000000000
13.487448 1214.101370 0.0000000000
13.487448 1453.543241 0.0000000000
13.487448 1740.207206 0.0000000000

16.147407 1.000000 1.6579721456
16.147407 2.000000 4.5341099048
16.147407 3.000000 6.0986989114
16.147407 4.000000 6.0135035726
16.147407 5.000000 9.0964542563
16.147407 6.565046 9.4099389001
16.147407 7.859787 9.2491114922
16.147407 9.409873 9.9402986319
16.147407 11.265663 9.8438507107
16.147407 13.487448 7.1813203395
16.147407 16.147407 14.9115573628
16.147407 19.331956 16.1099997682
16.147407 23.144553 13.8912611289
16.147407 27.709061 13.7198517812
16.147407 33.173769 11.5185075254
16.147407 39.716212 15.3529386368
16.147407 47.548939 10.9427598799
16.147407 56.926415 16.4206174636
16.147407 68.153292 9.7930258325
16.147407 81.594305 11.0894213305
16.147407 97.686119 18.0616279520
16.147407 116.951518 1.8103253726
16.147407 140.016387 6.4238439727
16.147407 167.630050 0.0000000000
16.147407 200.689607 2.1499966433
16.147407 240.269082 40.2827623611
16.147407 287.654316 0.0000000000
16.147407 344.384742 5.1405688244
16.147407 412.303393 0.0000000000
16.147407 493.616781 0.0000000000
16.147407 590.966581 0.0000000000
16.147407 707.515452 20.7633437582
16.147407 847.049784 0.0000000000
16.147407 1014.102708 0.0000000000
16.147407 1214.101370 0.0000000000
16.147407 1453.543241 0.0000000000
16.147407 1740.207206 0.0000000000

19.331956 1.000000 1.3380886347
19.331956 2.000000 3.6251891386
19.331956 3.000000 5.0804586601
19.331956 4.000000 7.9854009531
19.331956 5.000000 5.3947543238
19.331956 6.565046 8.3338032437
19.331956 7.859787 13.0920356426
19.331956 9.409873 10.6945265333
19.331956 11.265663 9.0143305573
19.331956 13.487448 13.1134835857
19.331956 16.147407 11.8506403766
19.331956 19.331956 14.3389889601
19.331956 23.144553 15.1423194172
19.331956 27.709061 15.0770002748
19.331956 33.173769 12.7277646986
19.331956 39.716212 16.4042921350
19.331956 47.548939 16.3965724527
19.331956 56.926415 16.3388111470
19.331956 68.153292 11.1191936961
19.331956 81.594305 11.1951444869
19.331956 97.686119 9.2061244421
19.331956 116.951518 10.1456085745
19.331956 140.016387 7.1022452775
19.331956 167.630050 38.5142107773
19.331956 200.689607 6.7853638639
19.331956 240.269082 0.0000000000
19.331956 287.654316 3.9147588569
19.331956 344.384742 414.9364501570
19.331956 412.303393 0.0000000000
19.331956 493.616781 0.0000000000
19.331956 590.966581 11.3811283600
19.331956 707.515452 0.0000000000
19.331956 847.049784 0.0000000000
19.331956 1014.102708 2.4910759410
19.331956 1214.101370 0.0000000000
19.331956 1453.543241 0.0000000000
19.331956 1740.207206 0.0000000000

23.144553 1.000000 1.7606240108
23.144553 2.000000 4.7300704425
23.144553 3.000000 6.9624075666
23.144553 4.000000 7.7624787729
23.144553 5.000000 6.1035178622
23.144553 6.565046 9.2192663483
23.144553 7.859787 13.9578939064
23.144553 9.409873 13.2604976380
23.144553 11.265663 10.3324032877
23.144553 13.487448 12.6803325422
23.144553 16.147407 13.2110261535
23.144553 19.331956 13.6754980543
23.144553 23.144553 13.0154192127
23.144553 27.709061 15.9999281596
23.144553 33.173769 10.9583083212
23.144553 39.716212 15.4964379260
23.144553 47.548939 17.3524033125
23.144553 56.926415 9.0646623673
23.144553 68.153292 12.8945569984
23.144553 81.594305 15.6943158889
23.144553 97.686119 18.6533174421
23.144553 116.951518 7.6504944057
23.144553 140.016387 20.3087861311
23.144553 167.630050 11.9983393999
23.144553 200.689607 2.4490024693
23.144553 240.269082 6.5168027440
23.144553 287.654316 0.0000000000
23.144553 344.384742 39.6445314833
23.144553 412.303393 0.0000000000
23.144553 493.616781 0.0000000000
23.144553 590.966581 0.0000000000
23.144553 707.515452 0.0000000000
23.144553 847.049784 106.4715641406
23.144553 1014.102708 0.0000000000
23.144553 1214.101370 0.0000000000
23.144553 1453.543241 0.0000000000
23.144553 1740.207206 0.0000000000

27.709061 1.000000 1.5912400741
27.709061 2.000000 3.0623380932
27.709061 3.000000 5.3113016955
27.709061 4.000000 6.7684703212
27.709061 5.000000 7.3670996066
27.709061 6.565046 8.6174655945
27.709061 7.859787 8.8161993284
27.709061 9.409873 14.0795996526
27.709061 11.265663 10.2971151089
27.709061 13.487448 12.2485767797
27.709061 16.147407 13.6425283517
27.709061 19.331956 11.1574237354
27.709061 23.144553 21.6741764232
27.709061 27.709061 10.0408926388
27.709061 33.173769 20.6507121460
27.709061 39.716212 16.1780954699
27.709061 47.548939 12.8701537995
27.709061 56.926415 16.0158084731
27.709061 68.153292 18.7007246042
27.709061 81.594305 11.5048634375
27.709061 97.686119 5.0449356244
27.709061 116.951518 23.1574546422
27.709061 140.016387 13.8208961706
27.709061 167.630050 5.4971454049
27.709061 200.689607 34.1772967330
27.709061 240.269082 8.3928346597
27.709061 287.654316 10.2796068835
27.709061 344.384742 0.0000000000
27.709061 412.303393 0.0000000000
27.709061 493.616781 0.0000000000
27.709061 590.966581 14.9737689382
27.709061 707.515452 0.0000000000
27.709061 847.049784 0.0000000000
27.709061 1014.102708 0.0000000000
27.709061 1214.101370 0.0000000000
27.709061 1453.543241 0.0000000000
27.709061 1740.207206 0.0000000000

33.173769 1.000000 1.2471438367
33.173769 2.000000 3.1306193920
33.173769 3.000000 3.9234169518
33.173769 4.000000 6.3938390317
33.173769 5.000000 8.6992077060
33.173769 6.565046 9.3077245428
33.173769 7.859787 11.0291149972
33.173769 9.409873 10.3511794509
33.173769 11.265663 12.3257425777
33.173769 13.487448 9.1667902581
33.173769 16.147407 13.7319154168
33.173769 19.331956 10.6717643695
33.173769 23.144553 15.9653679368
33.173769 27.709061 14.5949094528
33.173769 33.173769 14.1542566119
33.173769 39.716212 14.9984353843
33.173769 47.548939 10.8764243110
33.173769 56.926415 27.0910736187
33.173769 68.153292 11.9283372200
33.173769 81.594305 16.4401331803
33.173769 97.686119 16.3599746860
33.173769 116.951518 31.8271907353
33.173769 140.016387 24.8091022493
33.173769 167.630050 48.5928187277
33.173769 200.689607 146.3520419977
33.173769 240.269082 1.1512781527
33.173769 287.654316 135.8558617566
33.173769 344.384742 10.4444866912
33.173769 412.303393 0.0000000000
33.173769 493.616781 0.0000000000
33.173769 590.966581 1.4549988680
33.173769 707.515452 0.0000000000
33.173769 847.049784 0.0000000000
33.173769 1014.102708 0.0000000000
33.173769 1214.101370 0.0000000000
33.173769 1453.543241 0.0000000000
33.173769 1740.207206 0.0000000000

39.716212 1.000000 1.3691063465
39.716212 2.000000 2.4118817618
39.716212 3.000000 3.9861119723
39.716212 4.000000 4.6727854464
39.716212 5.000000 8.2277073376
39.716212 6.565046 9.3880591301
39.716212 7.859787 11.2488950672
39.716212 9.409873 12.3439135647
39.716212 11.265663 12.3984272531
39.716212 13.487448 16.3528668297
39.716212 16.147407 13.3437815722
39.716212 19.331956 15.6565494500
39.716212 23.144553 16.5918832305
39.716212 27.709061 16.7584357757
39.716212 33.173769 11.7410524911
39.716212 39.716212 18.4142403832
39.716212 47.548939 16.3405095528
39.716212 56.926415 13.1275311029
39.716212 68.153292 17.3785725179
39.716212 81.594305 24.3027325217
39.716212 97.686119 30.0887338232
39.716212 116.951518 30.8003748869
39.716212 140.016387 10.1847722490
39.716212 167.630050 18.1937585372
39.716212 200.689607 8.2438561211
39.716212 240.269082 4.4679061834
39.716212 287.654316 107.1629661493
39.716212 344.384742 36.4458043941
39.716212 412.303393 1990.6920210202
39.716212 493.616781 77.5993268618
39.716212 590.966581 1.9698098917
39.716212 707.515452 1.4463664694
39.716212 847.049784 0.0000000000
39.716212 1014.102708 0.0000000000
39.716212 1214.101370 0.0000000000
39.716212 1453.543241 0.0000000000
39.716212 1740.207206 0.0000000000

47.548939 1.000000 0.8100624106
47.548939 2.000000 2.5204911582
47.548939 3.000000 4.1227968460
47.548939 4.000000 5.3089386927
47.548939 5.000000 3.4623333962
47.548939 6.565046 8.0751836036
47.548939 7.859787 3.4648791009
47.548939 9.409873 9.0185352277
47.548939 11.265663 7.3271566538
47.548939 13.487448 12.3431287816
47.548939 16.147407 14.0316760749
47.548939 19.331956 14.4039479806
47.548939 23.144553 9.6471134284
47.548939 27.709061 22.3593543120
47.548939 33.173769 9.1445853082
47.548939 39.716212 17.8496417488
47.548939 47.548939 10.9659878958
47.548939 56.926415 15.6513064783
47.548939 68.153292 13.2044385740
47.548939 81.594305 14.9366641230
47.548939 97.686119 26.6073506310
47.548939 116.951518 17.3836987044
47.548939 140.016387 14.8487566581
47.548939 167.630050 11.0073117089
47.548939 200.689607 2.0664081185
47.548939 240.269082 37.8855634612
47.548939 287.654316 24.6618837125
47.548939 344.384742 11.1048398301
47.548939 412.303393 0.0000000000
47.548939 493.616781 4.7180419592
47.548939 590.966581 0.0000000000
47.548939 707.515452 0.0000000000
47.548939 847.049784 0.0000000000
47.548939 1014.102708 0.0000000000
47.548939 1214.101370 0.0000000000
47.548939 1453.543241 0.0000000000
47.548939 1740.207206 0.0000000000

56.926415 1.000000 1.1626234581
56.926415 2.000000 4.0382459011
56.926415 3.000000 2.3080555468
56.926415 4.000000 7.7076176933
56.926415 5.000000 6.9235513509
56.926415 6.565046 6.9056803241
56.926415 7.859787 9.7194977594
56.926415 9.409873 16.1651388126
56.926415 11.265663 11.2390604093
56.926415 13.487448 16.8178266388
56.926415 16.147407 14.5140587824
56.926415 19.331956 11.7416787595
56.926415 23.144553 8.0277994189
56.926415 27.709061 20.1455966106
56.926415 33.173769 19.1690166747
56.926415 39.716212 11.2646735160
56.926415 47.548939 20.3217083162
56.926415 56.926415 18.0744943704
56.926415 68.153292 28.7567102580
56.926415 81.594305 17.8272997612
56.926415 97.686119 11.0811676303
56.926415 116.951518 20.4217226830
56.926415 140.016387 13.2409793170
56.926415 167.630050 38.9269703302
56.926415 200.689607 28.0446779411
56.926415 240.269082 12.7720118076
56.926415 287.654316 28.2829815840
56.926415 344.384742 42.3037644762
56.926415 412.303393 227.7273011855
56.926415 493.616781 0.0000000000
56.926415 590.966581 0.0000000000
56.926415 707.515452 1.6804385922
56.926415 847.049784 0.0000000000
56.926415 1014.102708 0.0000000000
56.926415 1214.101370 4.1021433006
56.926415 1453.543241 0.0000000000
56.926415 1740.207206 0.0000000000

68.153292 1.000000 1.0413604124
68.153292 2.000000 4.1124165069
68.153292 3.000000 4.0168127529
68.153292 4.000000 5.1568806381
68.153292 5.000000 5.4593007742
68.153292 6.565046 7.9501237045
68.153292 7.859787 6.3560867709
68.153292 9.409873 11.8111963973
68.153292 11.265663 8.5165456860
68.153292 13.487448 12.5149453016
68.153292 16.147407 14.1084877127
68.153292 19.331956 18.7431262737
68.153292 23.144553 26.8817484153
68.153292 27.709061 16.6643273260
68.153292 33.173769 22.6309622122
68.153292 39.716212 16.0235039922
68.153292 47.548939 16.9114833753
68.153292 56.926415 32.4259149415
68.153292 68.153292 17.8857404620
68.153292 81.594305 41.0572133535
68.153292 97.686119 27.3376971999
68.153292 116.951518 30.0839689521
68.153292 140.016387 11.9119796350
68.153292 167.630050 15.8572928899
68.153292 200.689607 31.2956220213
68.153292 240.269082 19.0620451185
68.153292 287.654316 0.0000000000
68.153292 344.384742 0.6198669541
68.153292 412.303393 0.0000000000
68.153292 493.616781 19.4683037202
68.153292 590.966581 0.0000000000
68.153292 707.515452 0.0000000000
68.153292 847.049784 0.0000000000
68.153292 1014.102708 0.0000000000
68.153292 1214.101370 0.0000000000
68.153292 1453.543241 0.0000000000
68.153292 1740.207206 0.0000000000

81.594305 1.000000 0.7367553925
81.594305 2.000000 2.5015897316
81.594305 3.000000 3.8080452329
81.594305 4.000000 4.3965824911
81.594305 5.000000 5.0772061021
81.594305 6.565046 7.3213065179
81.594305 7.859787 9.6207279839
81.594305 9.409873 12.2446117213
81.594305 11.265663 6.5880544866
81.594305 13.487448 12.7192156511
81.594305 16.147407 21.3026453825
81.594305 19.331956 12.0957837710
81.594305 23.144553 26.5004685735
81.594305 27.709061 11.6184639037
81.594305 33.173769 13.8455670216
81.594305 39.716212 22.1025220119
81.594305 47.548939 27.8512838335
81.594305 56.926415 19.5485911284
81.594305 68.153292 25.2758025093
81.594305 81.594305 22.8065354773
81.594305 97.686119 14.8685729162
81.594305 116.951518 31.7091713423
81.594305 140.016387 10.5973804105
81.594305 167.630050 18.2892586988
81.594305 200.689607 53.5660499314
81.594305 240.269082 15.3486712421
81.594305 287.654316 47.2780924977
81.594305 344.384742 84.2481982364
81.594305 412.303393 107.0859892396
81.594305 493.616781 0.0000000000
81.594305 590.966581 0.0000000000
81.594305 707.515452 0.0000000000
81.594305 847.049784 0.0000000000
81.594305 1014.102708 0.0000000000
81.594305 1214.101370 0.0000000000
81.594305 1453.543241 0.0000000000
81.594305 1740.207206 0.0000000000

97.686119 1.000000 0.7510836934
97.686119 2.000000 1.6419762298
97.686119 3.000000 3.0348530258
97.686119 4.000000 3.2014952752
97.686119 5.000000 3.4916495375
97.686119 6.565046 5.8844175618
97.686119 7.859787 10.3375043111
97.686119 9.409873 19.2407891504
97.686119 11.265663 5.7021453996
97.686119 13.487448 2.1164337240
97.686119 16.147407 15.4430306816
97.686119 19.331956 12.3107275646
97.686119 23.144553 9.8581115430
97.686119 27.709061 32.9457609499
97.686119 33.173769 18.1013187885
97.686119 39.716212 17.3622874594
97.686119 47.548939 25.8727961923
97.686119 56.926415 18.6405635469
97.686119 68.153292 28.7124936603
97.686119 81.594305 16.4277710624
97.686119 97.686119 10.1723851444
97.686119 116.951518 15.1096890698
97.686119 140.016387 23.5561083171
97.686119 167.630050 47.2171018516
97.686119 200.689607 166.0258401096
97.686119 240.269082 20.2567118678
97.686119 287.654316 9.2704878563
97.686119 344.384742 9.1530102494
97.686119 412.303393 2.3832964233
97.686119 493.616781 1.8375906180
97.686119 590.966581 0.0000000000
97.686119 707.515452 1.9200405218
97.686119 847.049784 0.0000000000
97.686119 1014.102708 0.0000000000
97.686119 1214.101370 11.7348499533
97.686119 1453.543241 3.5709658741
97.686119 1740.207206 0.5978758116

116.951518 1.000000 1.0951855765
116.951518 2.000000 1.4341735285
116.951518 3.000000 5.2882038828
116.951518 4.000000 3.3320985112
116.951518 5.000000 0.5108826033
116.951518 6.565046 3.0015537108
116.951518 7.859787 9.4566656004
116.951518 9.409873 2.6590256494
116.951518 11.265663 11.4839851244
116.951518 13.487448 11.3077065421
116.951518 16.147407 7.0747354295
116.951518 19.331956 14.8989142595
116.951518 23.144553 17.9221071009
116.951518 27.709061 32.7721128059
116.951518 33.173769 22.5456893617
116.951518 39.716212 17.0788003033
116.951518 47.548939 8.9489636964
116.951518 56.926415 27.1947211970
116.951518 68.153292 21.8328837005
116.951518 81.594305 13.7825914361
116.951518 97.686119 8.1053212220
116.951518 116.951518 21.8519642047
116.951518 140.016387 21.0087333980
116.951518 167.630050 28.2821883913
116.951518 200.689607 28.0509394733
116.951518 240.269082 28.6616726618
116.951518 287.654316 26.1781380619
116.951518 344.384742 149.2584788891
116.951518 412.303393 38.5358578202
116.951518 493.616781 49.2023355275
116.951518 590.966581 58.1497448025
116.951518 707.515452 0.0000000000
116.951518 847.049784 0.7528443133
116.951518 1014.102708 0.0000000000
116.951518 1214.101370 0.0000000000
116.951518 1453.543241 0.0000000000
116.951518 1740.207206 0.0000000000

140.016387 1.000000 0.9516091301
140.016387 2.000000 0.9538840615
140.016387 3.000000 2.3142082500
140.016387 4.000000 0.5316830608
140.016387 5.000000 3.8213882204
140.016387 6.565046 4.5181974543
140.016387 7.859787 5.7049426969
140.016387 9.409873 4.3321741053
140.016387 11.265663 2.9331583194
140.016387 13.487448 17.5483857338
140.016387 16.147407 12.1442310296
140.016387 19.331956 8.0701717999
140.016387 23.144553 12.6377082077
140.016387 27.709061 6.9792786994
140.016387 33.173769 28.9656008034
140.016387 39.716212 10.7668408340
140.016387 47.548939 20.6494135274
140.016387 56.926415 31.3413881130
140.016387 68.153292 13.4964994007
140.016387 81.594305 27.7842461601
140.016387 97.686119 20.6525984104
140.016387 116.951518 34.1990879623
140.016387 140.016387 31.9807872630
140.016387 167.630050 43.5433553389
140.016387 200.689607 44.6208361436
140.016387 240.269082 10.4353219927
140.016387 287.654316 4.8958444095
140.016387 344.384742 0.0000000000
140.016387 412.303393 25.4019586775
140.016387 493.616781 181.6035759608
140.016387 590.966581 13.4499935658
140.016387 707.515452 28.2760682517
140.016387 847.049784 0.0000000000
140.016387 1014.102708 0.8690735886
140.016387 1214.101370 0.0000000000
140.016387 1453.543241 0.0000000000
140.016387 1740.207206 0.0000000000

167.630050 1.000000 1.2480085293
167.630050 2.000000 0.7346165342
167.630050 3.000000 0.0000000000
167.630050 4.000000 6.4160754533
167.630050 5.000000 1.0204003788
167.630050 6.565046 4.1043626245
167.630050 7.859787 1.4538981655
167.630050 9.409873 3.9489168734
167.630050 11.265663 4.2514125736
167.630050 13.487448 0.0000000000
167.630050 16.147407 5.1809499971
167.630050 19.331956 18.0653568314
167.630050 23.144553 15.8666302934
167.630050 27.709061 26.6781167716
167.630050 33.173769 10.8253251669
167.630050 39.716212 7.8724267709
167.630050 47.548939 32.7716054667
167.630050 56.926415 9.0615415829
167.630050 68.153292 21.4338719239
167.630050 81.594305 43.5729131854
167.630050 97.686119 95.9455134861
167.630050 116.951518 30.1064119222
167.630050 140.016387 42.9237572971
167.630050 167.630050 54.2725177437
167.630050 200.689607 8.8358143069
167.630050 240.269082 30.8296509483
167.630050 287.654316 87.8849923731
167.630050 344.384742 60.9149019634
167.630050 412.303393 634.2448539406
167.630050 493.616781 3.9726512956
167.630050 590.966581 4.9489975952
167.630050 707.515452 0.0000000000
167.630050 847.049784 29.9712882601
167.630050 1014.102708 3.4113019825
167.630050 1214.101370 0.0000000000
167.630050 1453.543241 0.0000000000
167.630050 1740.207206 0.0000000000

200.689607 1.000000 0.0374333719
200.689607 2.000000 3.0120052978
200.689607 3.000000 0.0000000000
200.689607 4.000000 2.3350994635
200.689607 5.000000 2.3921536436
200.689607 6.565046 3.6989115696
200.689607 7.859787 0.0000000000
200.689607 9.409873 0.0000000000
200.689607 11.265663 28.1668076682
200.689607 13.487448 2.4283063878
200.689607 16.147407 2.9560768665
200.689607 19.331956 55.6622272993
200.689607 23.144553 7.4642443337
200.689607 27.709061 3.6793871072
200.689607 33.173769 3.5898370881
200.689607 39.716212 34.6101566487
200.689607 47.548939 87.7814521633
200.689607 56.926415 3.1274649341
200.689607 68.153292 8.0970859658
200.689607 81.594305 12.1268591922
200.689607 97.686119 117.9757057013
200.689607 116.951518 117.8412789483
200.689607 140.016387 40.6623519467
200.689607 167.630050 21.6847418009
200.689607 200.689607 17.7060999257
200.689607 240.269082 6.9562571069
200.689607 287.654316 62.0003199578
200.689607 344.384742 22.7519475325
200.689607 412.303393 31.0481365058
200.689607 493.616781 0.3196080161
200.689607 590.966581 0.0000000000
200.689607 707.515452 1.4978866066
200.689607 847.049784 0.0000000000
200.689607 1014.102708 4.2419866202
200.689607 1214.101370 0.6327570552
200.689607 1453.543241 15.6689376769
200.689607 1740.207206 0.0000000000

240.269082 1.000000 0.2584676930
240.269082 2.000000 0.0000000000
240.269082 3.000000 0.0000000000
240.269082 4.000000 3.9920976528
240.269082 5.000000 37.3985865872
240.269082 6.565046 0.0000000000
240.269082 7.859787 0.0000000000
240.269082 9.409873 5.4118036336
240.269082 11.265663 1.1773948909
240.269082 13.487448 0.0000000000
240.269082 16.147407 37.7487751606
240.269082 19.331956 12.1146344968
240.269082 23.144553 10.2570300381
240.269082 27.709061 8.0502022605
240.269082 33.173769 4.9917000787
240.269082 39.716212 4.0558792523
240.269082 47.548939 10.8115121290
240.269082 56.926415 29.8979416281
240.269082 68.153292 28.0491415961
240.269082 81.594305 16.3714681963
240.269082 97.686119 4.6375707929
240.269082 116.951518 14.5950595673
240.269082 140.016387 8.3739437567
240.269082 167.630050 132.0325388042
240.269082 200.689607 203.0483761521
240.269082 240.269082 15.1967474456
240.269082 287.654316 21.1838406276
240.269082 344.384742 14.8655308795
240.269082 412.303393 0.0000000000
240.269082 493.616781 7.9850720166
240.269082 590.966581 0.0000000000
240.269082 707.515452 0.0000000000
240.269082 847.049784 1.4804444854
240.269082 1014.102708 0.0000000000
240.269082 1214.101370 0.0000000000
240.269082 1453.543241 0.0000000000
240.269082 1740.207206 6.5982665898

287.654316 1.000000 0.2161329100
287.654316 2.000000 0.7829692103
287.654316 3.000000 0.0000000000
287.654316 4.000000 4.0836705521
287.654316 5.000000 1.7132014308
287.654316 6.565046 0.0000000000
287.654316 7.859787 7.5542849776
287.654316 9.409873 1.9669077716
287.654316 11.265663 0.0000000000
287.654316 13.487448 6.8372737195
287.654316 16.147407 0.0000000000
287.654316 19.331956 0.7909637432
287.654316 23.144553 2.0163288480
287.654316 27.709061 9.2377575802
287.654316 33.173769 23.9251188660
287.654316 39.716212 6.4064913442
287.654316 47.548939 6.3252174181
287.654316 56.926415 31.7466886841
287.654316 68.153292 27.0358445653
287.654316 81.594305 17.4178147343
287.654316 97.686119 145.6290604811
287.654316 116.951518 26.2708150028
287.654316 140.016387 34.6876853126
287.654316 167.630050 25.9295435997
287.654316 200.689607 5.1269570907
287.654316 240.269082 165.4491327539
287.654316 287.654316 14.8841640140
287.654316 344.384742 4.1570788203
287.654316 412.303393 2.0567752315
287.654316 493.616781 13.3790153646
287.654316 590.966581 34.0900299548
287.654316 707.515452 8.2719145049
287.654316 847.049784 1.8565888286
287.654316 1014.102708 0.0000000000
287.654316 1214.101370 3.4543047145
287.654316 1453.543241 0.0000000000
287.654316 1740.207206 0.0000000000

344.384742 1.000000 1.3391295004
344.384742 2.000000 0.0000000000
344.384742 3.000000 0.0000000000
344.384742 4.000000 0.0000000000
344.384742 5.000000 3.5960592275
344.384742 6.565046 0.0000000000
344.384742 7.859787 0.0000000000
344.384742 9.409873 2.6517719283
344.384742 11.265663 0.0000000000
344.384742 13.487448 0.0000000000
344.384742 16.147407 0.0000000000
344.384742 19.331956 0.0000000000
344.384742 23.144553 39.3918802076
344.384742 27.709061 236.5079899771
344.384742 33.173769 6.1544655659
344.384742 39.716212 4.9686874033
344.384742 47.548939 23.4912877082
344.384742 56.926415 0.0000000000
344.384742 68.153292 22.9495214338
344.384742 81.594305 3.2845066474
344.384742 97.686119 6.7948418732
344.384742 116.951518 8.6357357095
344.384742 140.016387 88.0272297879
344.384742 167.630050 153.2026463838
344.384742 200.689607 0.0000000000
344.384742 240.269082 282.1510757614
344.384742 287.654316 6.0238916936
344.384742 344.384742 0.8331345349
344.384742 412.303393 35.9094828714
344.384742 493.616781 1.0510241529
344.384742 590.966581 0.0000000000
344.384742 707.515452 2.2581103480
344.384742 847.049784 9.3378949663
344.384742 1014.102708 0.0000000000
344.384742 1214.101370 0.0000000000
344.384742 1453.543241 0.0000000000
344.384742 1740.207206 1.2075094403

412.303393 1.000000 0.0772949149
412.303393 2.000000 0.1679062059
412.303393 3.000000 0.0000000000
412.303393 4.000000 0.0000000000
412.303393 5.000000 0.0000000000
412.303393 6.565046 2.3753112236
412.303393 7.859787 0.0000000000
412.303393 9.409873 0.0000000000
412.303393 11.265663 10.5109237400
412.303393 13.487448 2.6974074284
412.303393 16.147407 0.0000000000
412.303393 19.331956 0.0000000000
412.303393 23.144553 0.0000000000
412.303393 27.709061 0.0000000000
412.303393 33.173769 0.0000000000
412.303393 39.716212 10.1904810331
412.303393 47.548939 0.0000000000
412.303393 56.926415 3.1252573651
412.303393 68.153292 7.6589795656
412.303393 81.594305 0.0000000000
412.303393 97.686119 87.1158500466
412.303393 116.951518 102.6295010845
412.303393 140.016387 81.9060447266
412.303393 167.630050 10.9594639607
412.303393 200.689607 19.4109510437
412.303393 240.269082 638.5791379545
412.303393 287.654316 2.5691335102
412.303393 344.384742 11.5143835295
412.303393 412.303393 16.6862904543
412.303393 493.616781 0.6458860622
412.303393 590.966581 2.5559551383
412.303393 707.515452 0.0000000000
412.303393 847.049784 10.2495105622
412.303393 1014.102708 0.0000000000
412.303393 1214.101370 2.6646099079
412.303393 1453.543241 0.0000000000
412.303393 1740.207206 0.3401900836

493.616781 1.000000 0.0461786196
493.616781 2.000000 0.0000000000
493.616781 3.000000 0.9906164665
493.616781 4.000000 0.0000000000
493.616781 5.000000 0.0000000000
493.616781 6.565046 0.0000000000
493.616781 7.859787 0.0000000000
493.616781 9.409873 5.9390358745
493.616781 11.265663 1.5591106168
493.616781 13.487448 0.0000000000
493.616781 16.147407 82.3765478011
493.616781 19.331956 2.2266465465
493.616781 23.144553 0.0000000000
493.616781 27.709061 10.5015376073
493.616781 33.173769 0.0000000000
493.616781 39.716212 0.0000000000
493.616781 47.548939 0.0000000000
493.616781 56.926415 0.0000000000
493.616781 68.153292 0.0000000000
493.616781 81.594305 4.8185638881
493.616781 97.686119 469.2621128930
493.616781 116.951518 7.2737723141
493.616781 140.016387 0.5214697950
493.616781 167.630050 3.1107346468
493.616781 200.689607 113.5456792507
493.616781 240.269082 13.3380706665
493.616781 287.654316 56.9700399469
493.616781 344.384742 21.2635352564
493.616781 412.303393 18.2140693275
493.616781 493.616781 0.0000000000
493.616781 590.966581 0.0000000000
493.616781 707.515452 1.1139769564
493.616781 847.049784 2.8188223130
493.616781 1014.102708 7.8541997859
493.616781 1214.101370 0.0000000000
493.616781 1453.543241 0.2580750092
493.616781 1740.207206 2.9281978980

590.966581 1.000000 0.0792113765
590.966581 2.000000 0.0000000000
590.966581 3.000000 0.0000000000
590.966581 4.000000 0.0000000000
590.966581 5.000000 0.0000000000
590.966581 6.565046 0.0000000000
590.966581 7.859787 0.0000000000
590.966581 9.409873 0.0000000000
590.966581 11.265663 0.0000000000
590.966581 13.487448 0.0000000000
590.966581 16.147407 0.0000000000
590.966581 19.331956 0.0000000000
590.966581 23.144553 3.4537252120
590.966581 27.709061 0.0000000000
590.966581 33.173769 0.0000000000
590.966581 39.716212 0.0000000000
590.966581 47.548939 0.0000000000
590.966581 56.926415 0.0000000000
590.966581 68.153292 0.0000000000
590.966581 81.594305 57.0723283990
590.966581 97.686119 48.7814587844
590.966581 116.951518 19.3884490438
590.966581 140.016387 12.6087730191
590.966581 167.630050 0.0000000000
590.966581 200.689607 9.2082917367
590.966581 240.269082 4.5194578900
590.966581 287.654316 1.1782232341
590.966581 344.384742 10.9296975974
590.966581 412.303393 2.4376728017
590.966581 493.616781 2.6744904836
590.966581 590.966581 3.6941364515
590.966581 707.515452 0.3901924524
590.966581 847.049784 0.4879284646
590.966581 1014.102708 0.4243068957
590.966581 1214.101370 0.4617049654
590.966581 1453.543241 0.5485944704
590.966581 1740.207206 0.0000000000

707.515452 1.000000 0.1322116323
707.515452 2.000000 0.0000000000
707.515452 3.000000 0.0000000000
707.515452 4.000000 0.0000000000
707.515452 5.000000 0.0000000000
707.515452 6.565046 0.0000000000
707.515452 7.859787 0.0000000000
707.515452 9.409873 0.0000000000
707.515452 11.265663 0.0000000000
707.515452 13.487448 0.0000000000
707.515452 16.147407 0.0000000000
707.515452 19.331956 0.0000000000
707.515452 23.144553 0.0000000000
707.515452 27.709061 0.0000000000
707.515452 33.173769 0.0000000000
707.515452 39.716212 0.2670355775
707.515452 47.548939 0.0426896748
707.515452 56.926415 2.8050364084
707.515452 68.153292 5.8947965580
707.515452 81.594305 0.0000000000
707.515452 97.686119 0.0000000000
707.515452 116.951518 51.8772245934
707.515452 140.016387 0.0000000000
707.515452 167.630050 33.9045992750
707.515452 200.689607 0.0000000000
707.515452 240.269082 27.7686927910
707.515452 287.654316 0.2674590206
707.515452 344.384742 1.7438917550
707.515452 412.303393 2.6508969542
707.515452 493.616781 2.3391076404
707.515452 590.966581 0.4107383103
707.515452 707.515452 1.0419344343
707.515452 847.049784 2.3332416966
707.515452 1014.102708 0.0000000000
707.515452 1214.101370 0.0000000000
707.515452 1453.543241 0.0000000000
707.515452 1740.207206 0.0000000000

847.049784 1.000000 0.0149526841
847.049784 2.000000 0.0000000000
847.049784 3.000000 0.0000000000
847.049784 4.000000 0.0000000000
847.049784 5.000000 0.0000000000
847.049784 6.565046 0.0000000000
847.049784 7.859787 0.0000000000
847.049784 9.409873 2.1748120570
847.049784 11.265663 0.0000000000
847.049784 13.487448 0.0000000000
847.049784 16.147407 0.0000000000
847.049784 19.331956 0.0000000000
847.049784 23.144553 0.0000000000
847.049784 27.709061 0.0000000000
847.049784 33.173769 0.0000000000
847.049784 39.716212 0.0000000000
847.049784 47.548939 19.1368426285
847.049784 56.926415 0.0000000000
847.049784 68.153292 0.0000000000
847.049784 81.594305 0.0000000000
847.049784 97.686119 0.0000000000
847.049784 116.951518 0.0000000000
847.049784 140.016387 4.1784983444
847.049784 167.630050 15.2477167954
847.049784 200.689607 0.0000000000
847.049784 240.269082 0.0000000000
847.049784 287.654316 2.0013455276
847.049784 344.384742 17.3607490903
847.049784 412.303393 7.5775560512
847.049784 493.616781 6.2190791912
847.049784 590.966581 0.4493311670
847.049784 707.515452 1.0131948623
847.049784 847.049784 0.0000000000
847.049784 1014.102708 0.0000000000
847.049784 1214.101370 0.5664365349
847.049784 1453.543241 0.0969438811
847.049784 1740.207206 0.4580870448

1014.102708 1.000000 0.0000000000
1014.102708 2.000000 0.0000000000
1014.102708 3.000000 0.0000000000
1014.102708 4.000000 0.0000000000
1014.102708 5.000000 0.0000000000
1014.102708 6.565046 0.0000000000
1014.102708 7.859787 0.0000000000
1014.102708 9.409873 0.0000000000
1014.102708 11.265663 0.0000000000
1014.102708 13.487448 0.0000000000
1014.102708 16.147407 0.0000000000
1014.102708 19.331956 0.0000000000
1014.102708 23.144553 0.0000000000
1014.102708 27.709061 0.0000000000
1014.102708 33.173769 0.0000000000
1014.102708 39.716212 0.0000000000
1014.102708 47.548939 0.0000000000
1014.102708 56.926415 0.0000000000
1014.102708 68.153292 0.3986163567
1014.102708 81.594305 0.0000000000
1014.102708 97.686119 0.0000000000
1014.102708 116.951518 0.4368842959
1014.102708 140.016387 9.8769661268
1014.102708 167.630050 0.0000000000
1014.102708 200.689607 0.0000000000
1014.102708 240.269082 0.0000000000
1014.102708 287.654316 0.0000000000
1014.102708 344.384742 0.0000000000
1014.102708 412.303393 0.0000000000
1014.102708 493.616781 3.2887283637
1014.102708 590.966581 0.0000000000
1014.102708 707.515452 1.9376417899
1014.102708 847.049784 0.0000000000
1014.102708 1014.102708 0.0000000000
1014.102708 1214.101370 0.0198742518
1014.102708 1453.543241 0.0000000000
1014.102708 1740.207206 0.0000000000

1214.101370 1.000000 0.4485879430
1214.101370 2.000000 0.0000000000
1214.101370 3.000000 0.0000000000
1214.101370 4.000000 0.0000000000
1214.101370 5.000000 0.0000000000
1214.101370 6.565046 0.0000000000
1214.101370 7.859787 0.0000000000
1214.101370 9.409873 0.0000000000
1214.101370 11.265663 0.0000000000
1214.101370 13.487448 0.0000000000
1214.101370 16.147407 0.0000000000
1214.101370 19.331956 0.0000000000
1214.101370 23.144553 0.0000000000
1214.101370 27.709061 0.0000000000
1214.101370 33.173769 0.0000000000
1214.101370 39.716212 0.0000000000
1214.101370 47.548939 0.0000000000
1214.101370 56.926415 0.0000000000
1214.101370 68.153292 12.4271548181
1214.101370 81.594305 81.1106722293
1214.101370 97.686119 0.0000000000
1214.101370 116.951518 0.0000000000
1214.101370 140.016387 11.4206899059
1214.101370 167.630050 0.0000000000
1214.101370 200.689607 0.0000000000
1214.101370 240.269082 1.5621155783
1214.101370 287.654316 0.4060992429
1214.101370 344.384742 7.3188586367
1214.101370 412.303393 0.0000000000
1214.101370 493.616781 2.0948902836
1214.101370 590.966581 6.3553235038
1214.101370 707.515452 0.6124802559
1214.101370 847.049784 0.0000000000
1214.101370 1014.102708 3.0081810633
1214.101370 1214.101370 0.0963678781
1214.101370 1453.543241 0.0000000000
1214.101370 1740.207206 0.0000000000

1453.543241 1.000000 0.0000000000
1453.543241 2.000000 0.0000000000
1453.543241 3.000000 0.0000000000
1453.543241 4.000000 0.0000000000
1453.543241 5.000000 0.0000000000
1453.543241 6.565046 0.0000000000
1453.543241 7.859787 0.0000000000
1453.543241 9.409873 0.0000000000
1453.543241 11.265663 0.0000000000
1453.543241 13.487448 0.0000000000
1453.543241 16.147407 0.0000000000
1453.543241 19.331956 0.0000000000
1453.543241 23.144553 0.0000000000
1453.543241 27.709061 0.0000000000
1453.543241 33.173769 0.0000000000
1453.543241 39.716212 0.0000000000
1453.543241 47.548939 0.0000000000
1453.543241 56.926415 0.0000000000
1453.543241 68.153292 0.0000000000
1453.543241 81.594305 0.0000000000
1453.543241 97.686119 0.0000000000
1453.543241 116.951518 0.0000000000
1453.543241 140.016387 0.0000000000
1453.543241 167.630050 0.0000000000
1453.543241 200.689607 0.0000000000
1453.543241 240.269082 0.0000000000
1453.543241 287.654316 0.0000000000
1453.543241 344.384742 389.3673099726
1453.543241 412.303393 1.0698941799
1453.543241 493.616781 0.0000000000
1453.543241 590.966581 0.0000000000
1453.543241 707.515452 0.2434644749
1453.543241 847.049784 0.5083999509
1453.543241 1014.102708 0.0000000000
1453.543241 1214.101370 0.0000000000
1453.543241 1453.543241 0.1554864295
1453.543241 1740.207206 0.0000000000

1740.207206 1.000000 0.0000000000
1740.207206 2.000000 0.0000000000
1740.207206 3.000000 0.0000000000
1740.207206 4.000000 0.0000000000
1740.207206 5.000000 0.0000000000
1740.207206 6.565046 0.3645769275
1740.207206 7.859787 0.0000000000
1740.207206 9.409873 0.0000000000
1740.207206 11.265663 0.0000000000
1740.207206 13.487448 0.0000000000
1740.207206 16.147407 0.0000000000
1740.207206 19.331956 0.0000000000
1740.207206 23.144553 0.0000000000
1740.207206 27.709061 0.0000000000
1740.207206 33.173769 0.0000000000
1740.207206 39.716212 0.0000000000
1740.207206 47.548939 0.0000000000
1740.207206 56.926415 0.0000000000
1740.207206 68.153292 0.0000000000
1740.207206 81.594305 0.0000000000
1740.207206 97.686119 0.0000000000
1740.207206 116.951518 0.1352705618
1740.207206 140.016387 0.4863939401
1740.207206 167.630050 0.0000000000
1740.207206 200.689607 0.0000000000
1740.207206 240.269082 0.0000000000
1740.207206 287.654316 0.6184408483
1740.207206 344.384742 6.5048140922
1740.207206 412.303393 3.8512238109
1740.207206 493.616781 0.0000000000
1740.207206 590.966581 0.0000000000
1740.207206 707.515452 0.0035891790
1740.207206 847.049784 0.4333914699
1740.207206 1014.102708 0.5439216396
1740.207206 1214.101370 0.0000000000
1740.207206 1453.543241 0.0000000000
1740.207206 1740.207206 0.0000000000

